$coord
-14.55965361742894 -8.21987966714256 2.3981397494572 ag
-9.32900038688569 -8.29814860900041 2.35112808352708 ag
-4.04026154344074 -8.40915087251872 2.28910693612065 ag
1.27896377392194 -8.3546796702513 2.2988133734182 ag
6.70656025212002 -8.2936214243043 2.10765241136833 ag
-11.98991077467442 -3.69612035746748 2.43273458351718 ag
-6.72722313041058 -3.76169970582558 2.90262503842785 ag
-1.40964187615141 -3.76598057455607 2.48094750109078 ag
4.02340710414269 -3.7623324858372 2.39920824543618 ag
9.3785479006347 -3.75868034700073 2.48171350330981 ag
-9.39914933719286 0.84811560945135 2.17243856424412 ag
-4.0528253042888 0.81944225452336 2.43115496665689 ag
1.29810161757338 0.82052520063492 2.42651440324224 ag
6.67586074147988 0.84765458717804 2.47237233900395 ag
11.96664427164333 0.76327362949066 2.35448543574739 ag
-6.67245044257272 5.42782676596959 2.2174217968503 ag
-1.31874565273195 5.47593485492221 2.4444942063752 ag
3.99124698923913 5.42724329731101 2.45874164694641 ag
9.27192319217552 5.42449093267994 2.30912542140454 ag
14.49835635557009 5.35500329550878 2.24139488758838 ag
-3.90058426521915 10.06774597304121 2.03691599811375 ag
1.33418211072694 10.05759642420939 2.51756174106052 ag
6.53840643264574 10.04149109965786 2.27957560413914 ag
11.81324545897221 10.05256251599081 2.02688581564256 ag
-12.287944185823 -7.09444764649 -2.229570702393 ag f
-6.826635658791 -7.09444764649 -2.229570702393 ag f
-1.365327131758 -7.09444764649 -2.229570702393 ag f
4.095981395274 -7.09444764649 -2.229570702393 ag f
-9.557289922307 -2.364816512072 -2.229570702393 ag f
-4.095981395274 -2.364816512072 -2.229570702393 ag f
1.365327131758 -2.364816512072 -2.229570702393 ag f
6.826635658791 -2.364816512072 -2.229570702393 ag f
-6.826635658791 2.364816512072 -2.229570702393 ag f
-1.365327131758 2.364816512072 -2.229570702393 ag f
4.095981395274 2.364816512072 -2.229570702393 ag f
9.557289922307 2.364816512072 -2.229570702393 ag f
-4.095981395274 7.09444764649 -2.229570702393 ag f
1.365327131758 7.09444764649 -2.229570702393 ag f
6.826635658791 7.09444764649 -2.229570702393 ag f
12.287944185823 7.09444764649 -2.229570702393 ag f
-11.26551528404565 -0.32858163669178 9.0222073430768 c
-9.02688804781249 1.25869984839213 8.83199944021099 n
-9.30366176526877 3.9861675308398103 8.67165151522306 c
-6.67325293569594 0.19125389117136 8.67524863742855 c
-4.46251653183634 1.72046972975564 8.47853342185168 c
-2.0573395423419 0.63526698649851 8.44942957439413 c
-1.68212962996233 -2.07056992842423 8.61379127975569 c
-3.9501464897174596 -3.56635030106758 8.64885162870083 c
-6.33891246080706 -2.50305492033851 8.69587840107939 c
0.54546714919642 -3.26856821952132 8.78043684365227 n
2.77131755331476 -2.02546600834585 8.74489927094916 c
5.04495472599938 -3.48378452606576 8.8967125672313 c
7.42157325023631 -2.40270377273604 8.83710728961561 c
7.727322775387319 0.29741835096058 8.68168484033684 c
10.06118687429896 1.40239824104267 8.79628672783612 n
12.31847269414503 -0.15078354140813 9.05110723319906 c
10.27255734696471 4.14585368910166 8.94537192834957 c
5.49230850613141 1.7928379756189 8.48657606567706 c
3.10647351733006 0.66983848135351 8.52633924035402 c
0.5121793568015 2.68293830764727 8.05864093498752 s
-11.53972964452926 -1.49243540043228 7.2700078030359 h
-11.14674002409709 -1.62182512945622 10.67584809764862 h
-12.94905136395523 0.88711455304617 9.26583100500305 h
-11.32477612492044 4.49499798574831 8.83693158566186 h
-8.24675739419764 4.96471990462429 10.20613632684013 h
-8.5938645691323 4.7105263064149 6.80504855787797 h
-4.61650728047038 3.78749136519383 8.38167019714174 h
-3.70396134828905 -5.63006754481419 8.71947444858245 h
-7.9877688937269005 -3.75924703770554 8.75812020879744 h
4.8197746519957 -5.54618748790138 9.05589816100051 h
9.08462825935521 -3.63350754040785 8.97117224215721 h
12.34207146124944 -1.21060384364512 10.87297404368799 h
14.00807617694584 1.07844525728774 8.97650114027496 h
12.45864630061284 -1.53169345860777 7.46354321784178 h
12.2916111058659 4.68100830652141 9.03346899721965 h
9.29341500446476 4.89807494975759 10.65348818125773 h
9.45391653036438 5.06274261669403 7.23058500746235 h
5.62202143031549 3.8589679638797905 8.32349543963263 h
$user-defined bonds 
 
$end