$jbas
*
s def-SV(P) 
*
 8  s
     3612.937686            .181284859D+01
     1059.651419            .484805075D+01
     339.294845             .121166565D+02
     118.353236             .970399474D+01
     44.819730             -.116396453D+01
     18.333761              .239681432D+01
     8.045309               .653823916D+01
     3.754008               .155418734D+01
    1  s
     1.842377              -.951752048D+00
    1  s
     0.938931               .625328058D+00
    1  s
     0.489798               .404590133D+00
    1  s
     0.257531               .247751770D+00
    4  p
     41.74187096811436     -.332732125D-01
     14.1566422856977       .888692750D-01
     5.22660843881246      -.752373737D-01
     2.0600371098923        .715881805D-01
    1  p
     0.846259376129472     -.382501827D-01
    1  p
     .35260807338728        .259971744D-01
    4  d
     28.715626              .431050659D-01
     8.626600               .370010125D-02
     2.850550              -.260349194D-01
     1.002011               .722640442D-01
    1  d
     0.359873               .375215882D-01
    1  f
    1.00456621             1.000000000
    1  g
    1.10000000000          1.00000000 
*
ag def-SV(P) 
*
 3  s
     47.219410          .163646246D+00
     23.105387         -.101702225D+01
     11.305951          .430519587D+01
    1  s
     5.532252          -.946293462D+01
    1  s
     2.707058           .536740536D+01
    1  s
     1.324628           .305628528D+01
    1  s
     0.648173           .605016524D+00
    1  s
     0.317167           .209149791D+00
    1  s
     0.155198           .110945466D+00
    1  p
     1.437042          1.0
    1  p
     0.538460          1.0
    1  p
     0.218247          1.0
    1  p
     0.090936          1.0
    2  d
     6.884652           .231640760D-01
     2.747844          -.835429693D-01
    1  d
     1.176207          -.591754016D-01
    1  d
     0.515934          -.536278486D-02
    1  f
     2.247054          1.0
    1  f
     0.864251          1.0
    1  f
     0.345700          1.0
    3  g
     4.274600          -.797415029D-01
     2.249745          -.837676058D-01
     1.374974          -.963984493D-02
    1  g
     0.888073          -.267549415D-01 
*
n def-SV(P) 
*
 3  s
     680.542530            .502578962D+00
     196.756214            .132478988D+01
     61.270793             .341406111D+01
    1  s
     20.364463             .265034102D+01
    1  s
     7.142477             -.301302617D-02
    1  s
     2.608026              .122871912D+00
    1  s
     0.976373              .818031572D+00
    1  s
     0.368633              .194294639D+00
    1  p
     .47073919406936       .674057471D-01
    1  p
     1.129774065766        -.225055506D-01
    1  p
    2.8300840347           .355455721D-01
    1  d
     5.8329865             .416040403D-01
    1  d
     1.7326865             .110596980D-01
    1  d
     .5452425              .484079619D-01
    1  f
     1.82648              1.0000000 
*
h def-SV(P) 
*
 3  s
     9.308130            .344661830D-01
     2.306718            .122533796D+00
     0.752012            .182500211D+00
    1  s
     0.273978            .221505479D-01
    2  p
     2.032704             .295136591D-01
     0.790252             .327558728D-01 
*
c def-SV(P) 
*
 3  s
     459.702386            .431844791D+00
     132.957792            .111811696D+01
     41.565817             .273735414D+01
    1  s
     13.915561             .193963157D+01
    1  s
     4.930529             -.427563888D-02
    1  s
     1.822948              .307208053D-01
    1  s
     0.692051              .520828466D+00
    1  s
     0.265093              .124875142D+00
    1  p
     .327847357953757      .531909851D-01
    1  p
     .7868336590892        .134419688D-02
    1  p
     1.9710183160          .221986005D-01
    1  d
     4.013301              .524684127D-01
    1  d
     1.247505              .802678252D-01
    1  d
     0.408148              .296361673D-01
    1  f
     0.9                  1.0 
*
$end