$basis
*
s def-SV(P) 
*
 5  s
  9184.9303010     -.22294387756E-02
  1381.5105503     -.16683029937E-01
  313.87147580     -.75262436116E-01
  88.053870623     -.19376827038
  27.039914905     -.17718020803
   3  s
  45.648731303     -.10736062573
  4.9664522326      .65066293018
  2.0116242047      .59712155354
   1  s
  .35661077013      1.0000000000
   1  s
  .13507221477      1.0000000000
   5  p
  261.98233439     -.92729929822E-02
  61.306894736     -.66547669241E-01
  19.103729887     -.24828595903
  6.6567720378     -.48703847402
  2.3959635161     -.39337850312
   1  p
  .61776161679      1.0000000000
   1  p
  .16993376871      1.0000000000
 1  d
  .55  1.00 
*
ag def-SV(P) 
*
 3  s
  9.0884420000     -1.9808918797
  7.5407310000      2.7554513347
  2.7940050000      .22715408381
   1  s
  1.4918135849      1.0000000000
   1  s
  .63579159445      1.0000000000
   1  s
  .10368414161      1.0000000000
   1  s
  .37460004363E-01  1.0000000000
   4  p
  4.4512400000     -.99352103771
  3.6752630000      1.0500525237
  1.2610620905      .64747532537
  .54212477498      .25621550723
   1  p
  .20221617026      1.0000000000
   1  p
  .0412             1.0000000000
   4  d
  7.7956672292     -.17042912377E-01
  2.8926510238      .23446154803
  1.2474273203      .44765877533
  .49313817671      .39064954560
   1  d
  .17285032603      1.0000000000 
*
n def-SV(P) 
*
 5  s
  1712.8415853     -.53934125305E-02
  257.64812677     -.40221581118E-01
  58.458245853     -.17931144990
  16.198367905     -.46376317823
  5.0052600809     -.44171422662
   1  s
  .58731856571      1.0000000000
   1  s
  .18764592253      1.0000000000
   3  p
  13.571470233     -.40072398852E-01
  2.9257372874     -.21807045028
  .79927750754     -.51294466049
   1  p
  .21954348034      1.0000000000
 1  d
  1.00   1.00 
*
h def-SV(P) 
*
 3  s
    13.010701      .19682158E-01
    1.9622572      .13796524
    .44453796      .47831935
    1  s
    .12194962      1.0000000 
*
c def-SV(P) 
*
 5  s
  1238.4016938      .54568832082E-02
  186.29004992      .40638409211E-01
  42.251176346      .18025593888
  11.676557932      .46315121755
  3.5930506482      .44087173314
   1  s
  .40245147363      1.0000000000
   1  s
  .13090182668      1.0000000000
   3  p
  9.4680970621      .38387871728E-01
  2.0103545142      .21117025112
  .54771004707      .51328172114
   1  p
  .15268613795      1.0000000000
 1  d
  .80   1.00 
*
$ecp
*
ag def-ecp
*
 ncore = 28    lmax = 3
f     
  -33.68992012    2   14.2200000
   -5.53112021    2    7.1100000
s-f   
  255.13936452    2   13.1300000
   36.86612154    2    6.5100000
   33.68992012    2   14.2200000
    5.53112021    2    7.1100000
p-f   
  182.18186871    2   11.7400000
   30.35775148    2    6.2000000
   33.68992012    2   14.2200000
    5.53112021    2    7.1100000
d-f   
   73.71926087    2   10.2100000
   12.50211712    2    4.3800000
   33.68992012    2   14.2200000
    5.53112021    2    7.1100000
*
$end