$vibrational normal modes    file=vib_normal_modes
$lastdiag
$rij
$rundimensions
   natoms=78
   nbf(CAO)=1380
   nbf(AO)=1280
$energy    file=energy
$scfdump
$rpacor    400
$dipole from force
  x     0.36436015777247    y     0.73985127182590    z     5.26640137665845    a.u.
   | dipole | =   13.5490944900  debye
$hessian (projected)    file=hessian
$ricore    500
$drvopt
cartesian  on
   basis      off
   global     off
   hessian    on
   dipole     on
   nuclear polarizability
$maxcor    500 MiB  per_core
$forceupdate
ahlrichs numgeo=0  mingeo=3 maxgeo=4 modus=<g|dq> dynamic fail=0.3
   threig=0.005  reseig=0.005  thrbig=3.0  scale=1.00  damping=0.0
$dipgrad    file=dipgrad
$uhf
$dft
 functional pbe
 gridsize m3
$uhfmo_beta    file=beta
$subtitle
SP,DFT+Disp/RI,charge 1,c1,def-SV(P),
$ssquare from ridft
          2.006 (not to be modified here)
$uhfmo_alpha    file=alpha
$scfiterlimit    300
$coord    file=coord
$jbas    file=auxbasis
$thime    5
$scfconv    6
$disp3    bj
$charge from ridft
          1.000 (not to be modified here)
$forceinit
on
   diag=default
$scforbitalshift    automatic=.1
$ssquare from ridft
2.006 (not to be modified here)
$vibrational reduced masses
  36.2069249287  14.5585813441  38.7516381035  39.1439292929  55.5071295218
  47.6248621236  56.9531191786  43.7309250297  54.1944787701  49.4058550301
  14.3318546574  15.1980397823  32.5662611280  12.9331231916  12.6484684460
  56.3542021731  62.2302452133  79.7957294412  67.8639561775  79.7402800264
  82.6041438308  72.7336857387  63.8645588379  82.0561653890  82.2749809108
  95.4293527764  81.4198074506  87.8428806042  57.8830174572  93.2727864707
  64.5288119479  69.4182422376  58.1005034017  46.0821855497  87.1567000734
  70.9081085908  74.5116816857  47.7032084211  64.3380941622  79.2354020975
  68.2003992640  11.7580789511  52.2467258077  18.6424362994  84.4698917836
  61.5902164172  58.6496244191  99.1472709810  64.0874476157  18.6697159585
   8.7305426029  39.5867268989  77.9231042095  73.6482354735  35.6311934942
  57.5508169248  37.3194993662  23.6615279099  22.5847417521  51.8786178126
  50.3468039439  68.5971910825  59.7789350345  47.1024802856  27.5639725260
  37.3946398669  84.5059001583  36.5736641722  85.3111237776  55.9717532084
  78.3903097303  90.2489812462  55.6948538626  50.0019389101  85.9090776928
   8.1259148432  15.6907689552  13.2818162742  26.1471169556  32.9080372837
  66.1002779492  27.6037287259  21.0640540697  37.1007697014  13.8900413640
  52.3552077140  38.5768425415  14.0410655810  39.2860857171  21.7714100405
  19.5174816075  13.7616391935  17.7788359750  11.5522901671   6.2266507183
  19.3277150408  14.6516778048   5.7398362703  27.3467181986  41.5257180780
  66.7261277636  41.9306151965  83.9869070889  67.2680635232  80.2351905829
  51.7119857953  21.5964299312  26.5436332999  71.9036350553  63.1471018720
  36.6386334612  23.2434150994   4.2387423822  18.7056059342  12.2712097865
   4.6153856428   3.1355573105   5.4369621656  73.9978321182   4.3842717502
  35.1397400044  14.5315589769   2.6007876047  10.0567559169  13.8419467530
  50.8777367160  58.4449659749  84.8650955295  69.9005583621  82.8420305493
  30.2665042923  33.2775914088   3.2382563655  13.1704334083  17.0233779171
  90.6784431840   4.0742104447   1.4459864640   1.5305918917   4.2946898700
   3.0018194960   2.6410315926   3.3343889944   3.7118719132   3.9738232566
   4.8141614184   5.4845034657   3.8462823434   3.8556183443   6.0263011438
   5.2638580023   3.6444867798   4.5125642938   3.8846324479   3.6955368921
   3.5169473565   3.4712931636   3.5168619948   6.6454250251   6.7523321048
   3.6428463040   4.4105562012   6.4769638511   1.5059318929   1.6310841851
   3.5591174996   1.7253272596   1.5935528816   6.1347401699   7.1207639181
   1.2964475565   1.3091717114   2.5422613965   2.5160492601   3.3402248145
   1.5843397198   1.6430586139   2.4062442329   1.2588186015   1.2484363390
   1.3473387877   1.3637400854   1.3498707381   1.2670328574   1.7115774496
   1.6809177010   1.7032610090   2.7893135606   2.7365076989   1.9193639609
   2.6855961198   2.3045761085   2.8339804255   3.0475277339   3.9287681886
   1.1791713018   1.1545315150   1.6060964506   1.0618293872   1.0454243108
   1.1971325535   1.0706557167   1.1005058968   1.3634057229   1.2282286190
   2.2772738238   1.3628491826   1.2851174116   2.1693356625   3.1321263849
   5.6654567781   5.7977552443   3.4132837800   3.7718746793   5.6839805040
   6.2343230127   1.0628099098   1.0613909238   1.0466297936   1.0434440194
   1.0988539970   1.0821828895   1.1044653623   1.0841203891   1.0993865436
   1.1002091105   1.0969594140   1.0978163814   1.0902904288   1.0904272817
   1.0898974837   1.0902521124   1.0928073810   1.0923805325
$grad    file=gradient
$scfinstab    dynpol    nm
785
$vibrational spectrum    file=vibspectrum
$ecp    file=basis
$interconversion    off
   qconv=1.d-7
   maxiter=25
$optimize
 internal off
 redundant off
 cartesian on
 global off
$symmetry    c1
$tmole
$basis    file=basis
$beta shells
a       1-454                                  ( 1 )
$nvibro      234
$alpha shells
a       1-456                                  ( 1 )
$title    Single_Point_Groundstate_Triplett
$atoms
s 60 \
   jbas = s def-SV(P)                     \
   basis = s def-SV(P)
ag 1-40 \
   jbas = ag def-SV(P)                     \
   basis = ag def-SV(P)                     \
   ecp = ag def-ecp
n 42,50,55 \
   jbas = n def-SV(P)                     \
   basis = n def-SV(P)
h 61-78 \
   jbas = h def-SV(P)                     \
   basis = h def-SV(P)
c 41,43-49,51-54,56-59 \
   jbas = c def-SV(P)                     \
   basis = c def-SV(P)
$marij
$coordinateupdate
dqmax=0.3
   interpolate  on
   statistics    5
$scfdamp     start=0.700 step=0.050 min=0.100
$operating system    unix
$thize    0.10000000E-04
$scfintunit
unit=30       size=0        file=twoint
$forceapprox    file=forceapprox
$scfdiis
$xctype GGA (not to be modified here)
$last SCF energy change = -.78729418E-05
$polgrad
    xx component
  -.47147300204928D+03  -.55767133680445D+03  0.47208052383179D+03
  -.27332080526945D+03  -.61107135946817D+03  -.43452517698087D+03
  0.12541455818105D+03  -.21533481393064D+03  -.16873792870267D+03
  0.13654330329950D+03  -.31212754834614D+03  -.13886223961716D+03
  0.45612762503629D+03  -.77627758795148D+02  0.47321968870882D+03
  -.71901493423166D+03  0.22519746251035D+03  -.57397358545432D+03
  0.14479767679811D+03  0.19203997893779D+03  -.38649751663549D+03
  -.55382174430431D+02  -.13958275902260D+03  -.87869162672289D+02
  0.24191410506473D+03  -.14148879750973D+03  -.33667648217637D+03
  -.58700984611594D+03  -.60267986043467D+03  -.46439395598599D+03
  -.61667359963843D+02  0.13543929756069D+03  0.19309958670795D+03
  -.10191961629456D+03  0.16997299549467D+02  -.33609186770574D+03
  -.22851741558384D+03  0.29236381047018D+03  -.18787678332481D+03
  0.65366603296341D+02  0.55393867250873D+02  -.10451726922161D+03
  0.63429494977451D+03  0.48560338858227D+03  -.78777729259243D+03
  -.47792428495377D+03  0.50820389617776D+03  -.27562735977984D+03
  0.18289581745267D+03  -.10988312352292D+03  -.36034463185901D+03
  -.49077371736979D+02  0.40565054893810D+02  -.26707419962571D+03
  -.16372002055322D+02  -.24235137268057D+03  0.10782326642100D+03
  0.52222649574719D+03  0.63658012418552D+03  0.95852269871154D+03
  0.59001664793997D+02  0.22752994722225D+03  0.46999639768336D+03
  -.80192276447805D+03  0.84202942178033D+02  -.19720872114341D+03
  0.71450264982189D+03  0.42432613057105D+03  -.17325018284748D+03
  0.36600948828923D+03  0.80154008687748D+01  0.56681686058620D+03
  0.16461315323510D+06  -.22001912576211D+05  -.29516876141295D+06
  -.10627048830547D+06  0.55398968190023D+06  -.23875739169566D+06
  -.72493220530000D+05  0.59972061293723D+06  0.79285966043567D+06
  -.26860264058232D+06  0.25824882512909D+06  -.41296342858114D+06
  0.85986364151452D+05  -.41355102120984D+06  -.23167636691418D+06
  0.15139898777417D+07  -.45594650659392D+06  0.43647857951039D+06
  -.37141624371453D+05  -.20038137641166D+06  -.53218304989629D+06
  0.24972176734218D+06  0.34221896598299D+06  0.66947989589319D+06
  0.13199943881022D+06  0.13204203404372D+06  0.11192249421533D+07
  -.39386341201375D+06  0.34806186989872D+06  -.68957990779601D+06
  -.40800530141894D+06  -.38966566157922D+06  0.16749953233241D+06
  -.33496176267043D+06  -.16153947275469D+06  -.50668105888312D+06
  0.47473887719329D+05  0.80797404192552D+05  -.57136051984108D+06
  0.12712268839325D+06  -.14166835478755D+06  0.73047295886703D+06
  0.28146290365414D+06  0.73554011753235D+06  -.26751257468204D+06
  0.49487753560739D+05  0.27783762275145D+06  -.69986317273217D+05
  -.73058801205096D+02  -.12149237050040D+02  0.16251248887585D+02
  -.52416265958615D+02  -.25057871077466D+03  -.52506031349687D+03
  -.20077361221581D+01  0.64352713489903D+03  -.24249408765569D+03
  0.25204307080538D+03  -.47691148133950D+03  0.51858112678628D+03
  -.32071213902895D+03  0.90401979247608D+02  0.25963788426447D+03
  0.13503007601738D+03  -.27146205020010D+03  -.13384859690385D+03
  0.10668398624495D+03  0.13237333529411D+03  -.51361428649192D+03
  -.10378460324057D+03  -.40232407805310D+03  -.62653888894433D+03
  -.50653957537219D+03  0.42140831275800D+03  0.10785135908200D+03
  -.13480165898857D+03  -.51766548211695D+03  -.16742134032844D+03
  0.55222868838189D+03  0.46156140005847D+03  0.33767976379281D+03
  -.62672606176530D+03  -.18794119959581D+03  0.60306191984559D+02
  0.35988909449122D+03  0.42374189908126D+03  -.93108688290809D+02
  -.38190969093885D+03  -.61223150775069D+02  0.23400924211878D+03
  0.13981005244882D+03  0.13106557598346D+03  -.19780082887084D+03
  0.19809927252699D+03  -.95414156505821D+02  -.72647550156437D+02
  0.17704404064273D+03  0.27678574447548D+02  0.25429655754050D+02
  0.23091163385010D+03  0.18642183350577D+01  -.12114238185443D+03
  -.10022852077750D+03  -.48391082720366D+03  -.16481502334597D+03
  0.14913325879597D+03  0.75705568717543D+03  -.31346595740377D+03
  -.15171206126667D+02  -.20377416041096D+02  0.67725346539391D+02
  0.29069537803595D+02  -.37349735686964D+02  -.91824231854217D+00
  0.14876364127910D+01  -.63978032702152D+01  -.12903130291812D+02
  0.10427247828283D+02  0.93191015058595D+01  0.81936676731163D+01
  -.56618620258187D+02  -.33351510542717D+02  0.91210864061924D+02
  -.12701899205818D+03  -.59940645121868D+02  0.30310811001557D+03
  0.40706493281846D+01  0.43631834187167D+02  -.99578652833049D+02
  0.33977664010797D+02  -.51674646061676D+01  0.67951366911109D+02
  -.10222016719974D+02  -.14430638634134D+02  0.62201738981561D+02
  0.22823389949756D+02  -.10367292386891D+02  -.40594473811787D+02
  0.22705745978065D+02  -.75669885613334D+02  -.38728686854169D+02
  -.35010227913047D+02  0.94513141786856D+01  0.40339125233871D+02
  -.92429074502531D+01  -.25696151740027D+02  -.52768970408994D+02
  0.55170397742645D+02  0.68746345595803D+02  0.13780534725732D+03
  -.22383913314884D+02  0.25237191137290D+02  -.69810350357861D+02
  -.69398967551512D+02  -.48248140549942D+02  0.73303622978306D+01
  0.45805777106563D+01  -.83086672801488D+00  -.26061796656236D+02
  -.55176573442620D+01  0.27091408162054D+02  0.43524219635610D+02
    yy component
  -.12517908188613D+03  -.37743330108676D+02  0.18655339213513D+02
  0.15148500340054D+03  -.42525611705378D+03  0.83097912709305D+02
  -.33304418070459D+03  -.17797032903533D+03  -.10164061955054D+03
  0.97340444768421D+02  -.46246918167677D+02  -.14717082174135D+03
  0.23386005967601D+03  -.30272961194558D+02  0.20759976855172D+03
  -.25351174199557D+03  0.28825774970191D+03  -.13821282166548D+03
  0.14079370203599D+03  -.51253230658669D+02  0.23866012442663D+02
  0.18120111689006D+03  0.18048606088496D+03  0.80214530345069D+02
  -.89107954214249D+02  0.17659159306036D+03  0.24794261690953D+02
  -.16385514484331D+03  -.58005284324866D+02  0.17800793077616D+03
  -.30344567074318D+03  -.69880115472093D+01  0.16105185029700D+02
  0.13586772942969D+03  0.41764618393989D+02  0.10971853745181D+03
  -.20283665232671D+03  -.17423806330041D+03  -.13950731679117D+02
  0.27838470226232D+03  -.35682349436898D+03  0.67486216187886D+02
  0.61129307140708D+02  0.20008363402008D+03  -.46640446235373D+02
  -.13928780937483D+03  0.19487096926632D+03  0.66026293775429D+02
  0.15221104350901D+02  -.23932950092066D+03  -.81031337502982D+02
  -.81878140989460D+02  0.36589169839281D+03  0.28755778949624D+02
  0.12701422738068D+03  0.67267674928419D+02  0.15488179198265D+03
  0.13167963569551D+03  -.21104073058696D+03  -.28549904348967D+02
  -.15726405731332D+03  0.91063830550160D+02  0.13988088277273D+03
  0.62074918484997D+02  -.11867512859850D+03  0.13996276910588D+03
  0.28449488062206D+03  -.68416557699783D+02  -.17446047334664D+02
  -.11989900076700D+03  0.38063694467089D+03  0.11423078656857D+03
  -.59838878098672D+05  -.91149197528919D+05  -.12506376783845D+05
  0.80720135443979D+05  0.27048658302879D+05  0.21729040505936D+06
  -.93904389333742D+05  -.30795241783338D+06  0.25886407801153D+06
  0.53637890927584D+05  -.34549331879185D+04  -.19007245319408D+05
  0.60579742624797D+04  0.17486528716348D+06  0.33405755815477D+06
  -.39235956398025D+05  0.16236431458576D+06  0.14094443953648D+06
  0.24426609422546D+05  0.11174498510043D+07  0.29623036062211D+04
  -.13067957716560D+04  0.21434117284986D+06  -.22832093507484D+05
  0.53122503280171D+05  -.23115844996070D+06  0.20494008305365D+06
  0.46868868837623D+06  -.79727239644380D+06  -.24126970106635D+06
  -.67608850544792D+06  -.41724286359580D+06  0.87289556677096D+05
  0.19399636337618D+05  -.29818177573435D+06  0.27260359653076D+05
  0.76150453925122D+05  0.15951339922342D+06  0.45074445172599D+05
  0.60755011404965D+05  0.11296739265244D+06  -.51126238722314D+05
  -.50495292772782D+05  0.15613623853370D+06  -.22430753734516D+06
  0.35473284284246D+05  0.77986622802110D+05  -.12743033746990D+06
  -.86453266666383D+02  -.33200959300590D+02  -.37922292482707D+02
  -.31693783050363D+03  0.33072578158028D+03  0.44327160357699D+02
  -.13088706065796D+03  -.18432930784704D+03  0.12138678780987D+03
  0.27625977592597D+03  -.37656300533464D+03  -.35442269513245D+02
  -.69555023463812D+01  0.43110604574213D+02  -.64966847190596D+02
  -.10302659067883D+03  -.42591598977133D+03  0.14611359061429D+02
  -.54613791936382D+03  0.41950763023221D+03  0.18292945098581D+03
  0.33773616858925D+03  0.75631979685222D+01  0.35945299282433D+02
  -.29528752724675D+03  0.24445032321527D+03  -.72226782292387D+02
  0.13483690788746D+02  -.59998198378150D+03  -.33423174783365D+03
  0.55128588830188D+03  0.14531953843444D+03  0.69146317453193D+02
  -.40347143759953D+03  -.17057534933327D+02  -.12494598884319D+02
  0.34958417076536D+03  0.43951668032577D+03  0.40662972117031D+02
  -.53505873161924D+03  -.54388438332577D+03  0.51947500618930D+02
  0.43308310329837D+03  0.22934553140466D+03  0.15486988445887D+03
  0.81233301771273D+01  0.16138903107131D+03  -.33886125042795D+02
  0.15143401159271D+03  -.92320934849317D+02  0.29497998242254D+02
  0.79775469507659D+02  -.63526793830781D+02  0.11776241048590D+03
  0.18228674092962D+03  -.21168447181001D+03  -.34037465337431D+02
  -.18666241017898D+02  0.49931561412663D+03  0.13977232550845D+02
  0.27486540805054D+02  0.54923818570169D+02  0.77475321979460D+02
  0.37391220070042D+02  -.14908239196279D+01  0.30872927002695D+02
  0.20915106204399D+01  -.36589840915104D+01  -.18335604424979D+02
  0.58539685866537D+01  -.10502466092597D+01  -.10894266009105D+02
  0.36881218665134D+02  -.74083188707475D+00  -.25368512579738D+02
  0.28404681692459D+02  0.13817993292767D+02  -.15572858523854D+03
  0.11526645037870D+02  0.23821250573025D+02  0.69613341275173D+01
  -.59096629900536D+01  -.62587157430132D+01  -.76391430379546D+01
  -.15092355099255D+02  -.18218355875252D+02  0.22760091119905D+02
  0.44008480175111D+01  0.62075805327678D+01  -.16543160943851D+02
  0.34149512769533D+00  -.17853794980651D+02  -.32742418854193D+01
  -.37190772132322D+02  0.11051159301641D+02  0.19580029672390D+01
  -.42652865507527D+01  0.30795482915439D+01  -.70155681704172D+01
  -.31165456608414D+02  0.99543557809011D+01  -.27656779224125D+02
  -.11457131125814D+02  0.26597969725931D+01  -.68612464245875D+01
  -.50897947887907D+01  -.12208409492919D+02  -.13549994787289D+02
  -.37396731105407D+01  0.50129924402946D+01  -.36262450535966D+02
  -.19019257776044D+02  0.39297879143421D+02  -.35492166231896D+02
    zz component
  0.11704988614167D+02  -.21822917491083D+02  0.35563217557085D+02
  -.67466198280134D+02  -.17454450233300D+03  -.24248656047494D+02
  0.10627451237971D+01  -.95771908904655D+02  -.27568496934331D+02
  -.30546509018316D+02  0.53312475558687D+01  0.19489544014080D+02
  0.44855585239871D+02  0.34512402852223D+01  0.85121483985522D+02
  -.12109770060276D+03  0.42047340494999D+02  -.99600505614963D+01
  0.53966781001435D+02  0.65977757996342D+02  0.99873672734750D-01
  0.61684261257800D+02  0.11242135407044D+02  -.17283092749353D+02
  -.56508677451509D+02  0.35983986056107D+02  0.11091225398057D+02
  -.87104053348154D+02  -.41675446947495D+01  -.46510386001299D+02
  -.82230288658613D+02  0.10294802440278D+02  -.87040272272484D+02
  0.53233269502634D+02  0.27867758937788D+02  0.52307923471393D+02
  -.60574355168944D+01  0.57138689586343D+02  0.19433466563957D+02
  -.22119003866078D+01  -.12805776334476D+03  -.31255110248513D+02
  0.36461224305108D+02  0.98678532139361D+02  -.13549546219524D+03
  -.11200286530072D+01  -.37036039658794D+01  -.11689625634722D+02
  0.15903401101669D+02  -.83717430434407D+02  -.41448877540594D+02
  -.12999270873463D+03  0.43462178842635D+02  -.52353087309168D+02
  0.68480486517582D+02  0.32571855841069D+02  0.55115842999922D+02
  0.13089992703897D+03  -.27135918245824D+02  0.78854372344802D+02
  -.64849272453811D+01  0.45871714124547D+01  0.26825311678650D+02
  0.21852244462086D+02  0.50368661207626D+01  0.17136235866676D+02
  0.70483624812372D+02  0.70323194078503D+02  0.24429602586930D+02
  -.25531332298659D+02  0.73914883994619D+02  0.52076606306650D+02
  -.24749927346402D+05  -.77993749448298D+04  -.60838586298679D+05
  0.64806086381455D+05  -.10987461457806D+05  -.35397125259037D+05
  -.10709185480251D+05  0.13515858810980D+06  0.82858017897436D+05
  0.12686168327365D+04  -.24714282436820D+05  0.62240863314700D+04
  -.16826839023701D+05  0.41995905630969D+05  -.32855030473892D+05
  0.32505791683124D+05  -.94166872017430D+05  -.10707930996584D+06
  -.15972847390564D+06  0.17842527535059D+05  -.99317181247897D+05
  0.47609320064916D+05  0.67725682329811D+05  0.76570012585353D+05
  0.34745975238392D+05  -.26921060345024D+04  0.90540461678563D+05
  0.17453991749400D+06  -.48388529276453D+05  -.37929890388692D+05
  0.23006523529759D+05  0.33343977932742D+05  0.14340167715186D+06
  -.92609069139222D+05  -.27686723589647D+05  -.15267777050660D+05
  -.42937244870371D+05  0.32325414449121D+05  -.41053698786925D+04
  0.10390394917122D+06  -.49603346702294D+05  0.65365275749603D+05
  -.11174347792387D+06  0.84651976323936D+05  -.90284229360214D+05
  0.18525763774766D+05  0.39169247859193D+05  -.11278081605317D+06
  -.81740940463159D+00  0.22612891354007D+02  0.65678311071420D+00
  -.78247690455629D+02  0.46195441747823D+02  -.27454123311021D+01
  -.18296732829819D+02  -.21673818135131D+02  -.14498799988834D+02
  0.68003099730690D+02  -.70491247588569D+02  -.81724301393027D+01
  -.86929350490552D+02  0.53926259420007D+02  -.65601958038261D+02
  0.85725057080176D+02  -.16231054900317D+03  0.14374503916202D+03
  -.23888219077922D+03  0.12622677073068D+03  0.54595421139622D+02
  0.18701137599445D+03  0.40397117123935D+01  0.31665050214048D+02
  -.11558840496071D+03  0.70835557436617D+02  -.28315139732134D+02
  0.97042307539797D+02  -.13713548417788D+03  -.13126166756145D+03
  0.68981361187237D+02  0.49214396225294D+02  0.14162449843646D+02
  -.86593686073931D+02  -.17956058940992D+02  0.22117802525236D+01
  0.93606212192191D+02  0.11162615556551D+03  -.23791263954847D+02
  -.15757155755447D+03  -.14683263558486D+03  0.16739554213296D+02
  0.13135881899272D+03  0.89131746172132D+02  0.56212617641636D+02
  -.24900244942687D+01  0.76963390006682D+02  -.15373455462052D+02
  0.70501621701813D+02  -.66202774733040D+02  0.31226904803106D+02
  0.17202698537289D+02  -.64248249040637D+01  0.80836820903730D+02
  0.42066167478560D+02  -.89110727369596D+02  0.20546081715119D+02
  -.34660993745599D+02  0.47587128721581D+02  -.12274019541758D+03
  0.42990787883128D+01  -.63522589333348D+01  -.52211263885475D+01
  0.52340481213192D+01  -.12372634646357D+02  0.16805214419410D+02
  -.41691267092533D+01  0.38535424721281D+00  -.37617545320349D+00
  -.45796576056488D+00  0.19839669270123D+01  -.14757282223601D+01
  0.10364712748504D+02  0.88085539838399D+01  0.70762452221760D+01
  0.25028901810554D+01  0.26656050355276D+01  -.39963432877997D-01
  0.23301414939844D+01  0.45602106437915D+01  0.10382538494820D+02
  0.24416645576154D+01  0.14242798014114D+01  0.47122867112803D+01
  -.74504877874408D+01  -.87988732912938D+00  0.10488568608674D+02
  -.69644254368560D+00  0.13736457959361D+00  -.31058337386927D+01
  0.29005455910763D+01  -.64899795738697D+01  0.75678675845698D+01
  -.12900389103816D+02  -.97921725310429D+01  0.17422541657604D+02
  -.11685835224818D+00  -.49182793895765D+00  -.77231656175049D+01
  -.42432574529828D+01  -.58171933403735D+01  -.13233300556871D+02
  -.26708630151895D+01  0.24905539094326D+01  -.89371655642530D+01
  -.11402618103227D+02  -.13537805573525D+01  0.21579356613190D+01
  -.85231163016485D+01  0.14927045824082D+02  -.46090805834249D+02
  -.39445422211930D+01  0.14329644992051D+02  -.15844240142219D+02
    xy component
  -.35694718239251D+02  -.72695215675903D+02  0.11664022946995D+03
  -.13900659706812D+03  -.19589251030188D+03  -.10946958307777D+03
  0.81027871189030D+02  -.17157871256107D+03  -.52792473952430D+02
  -.99669949829213D+02  -.90731688691789D+01  0.16656252446666D+03
  -.18748573927132D+02  0.23427115242693D+02  0.67846419600736D+02
  -.17694741278519D+03  0.87324131595858D+01  -.76931561324789D+02
  0.97483067085732D+02  0.80860123409820D+02  -.11895467386822D+03
  0.35526261218428D+02  -.16171760813422D+02  0.45087314745209D+02
  -.12907375089988D+03  -.21450779794346D+01  -.11787485332855D+03
  0.66549692941504D+02  -.72723537096221D+02  -.78537604291964D+02
  -.41761719149767D+02  0.34761608849194D+02  -.41713428375157D+02
  0.38198645075182D+02  0.87433625153452D+02  -.79331985521127D+01
  0.92811451905271D+02  0.87617909456698D+02  -.10408711272800D+03
  -.25614548899033D+03  0.43613844291833D+01  -.17347164415365D+03
  0.28736503429513D+03  0.13474208580323D+02  -.35897857649755D+03
  -.68047070327935D+02  0.31289698647845D+02  0.83807870273060D+02
  -.21698685065139D+02  -.14624688980314D+03  -.11111926920493D+03
  -.18268241848868D+03  -.16723945245776D+03  -.20697635827114D+03
  0.22345342845470D+03  0.41446660481116D+02  -.51965819755764D+02
  0.67753527852779D+02  0.10835665452740D+03  0.37254378132058D+03
  -.31332799821943D+02  -.40974335725731D+02  0.47326000782461D+02
  -.76942203049990D+01  0.13413707594616D+03  -.15771089835046D+03
  0.77776491277765D+02  0.26832704117098D+03  -.26367153225481D+03
  0.46448135816007D+02  0.29188702356801D+02  0.29539812559240D+03
  -.14907085872962D+05  -.49671221479132D+05  -.16265749426372D+06
  -.13803408790885D+04  0.17715140624875D+06  -.15915445095619D+06
  0.22153175479333D+06  0.16470370671894D+06  0.53234191776794D+05
  -.21562385345752D+06  0.90934928946761D+04  -.28175712053996D+05
  0.65192806139430D+05  -.20714893069000D+06  -.10922112236609D+06
  0.25908042405556D+06  -.11250856056198D+06  0.26183943758357D+06
  0.10845720181009D+06  -.16306468096771D+06  -.38396567306574D+06
  0.53281500110580D+05  0.78267767238259D+05  0.21097619724775D+06
  0.17381035556115D+06  0.15495217399670D+06  0.37662943988782D+06
  -.35065622051204D+06  0.28574943298261D+06  -.40927706756720D+06
  0.34316950704690D+05  -.15351313127960D+06  0.99163235816306D+05
  0.24308481543740D+05  0.28489655557647D+05  -.17894512526796D+06
  -.99888178320747D+04  -.12926854157906D+06  0.10046180820939D+06
  -.85547974331041D+05  -.78734524662844D+05  0.27045310151472D+06
  0.19627702200456D+06  0.24287001713092D+06  -.33067118100608D+06
  -.12493032922089D+06  0.99934239729792D+05  -.59195054598661D+05
  0.18914529248855D+01  0.67173294083169D+02  0.44671619851940D+02
  -.10519482532491D+03  -.65787520827079D+02  -.70076284022809D+02
  -.10541905300105D+02  0.14690879184789D+03  -.89984936339202D+02
  0.16310242732788D+03  -.99953274434992D+02  0.43321097202205D+02
  -.67846653518813D+02  -.94457600014544D+01  0.12948070330976D+03
  0.80037069558181D+01  0.17268802953882D+03  -.16154675760268D+03
  0.23004681389654D+03  -.15273606969354D+03  -.12894442158931D+03
  -.17128720138628D+03  -.84290554208611D+02  -.72250906263226D+02
  0.46593016063133D+01  0.37226015734843D+02  0.62835798238485D+02
  -.17678694429789D+03  -.11087923266281D+03  0.11201401831680D+03
  0.16581528127449D+03  0.11697634538055D+03  0.50650832681175D+02
  -.16400601500938D+03  -.24270237629568D+02  0.52262571715750D+02
  0.87520879531756D+02  0.40858982030432D+02  -.33472243679062D+02
  -.27359037692491D+03  -.61820040031365D+02  -.79473202152832D+02
  0.14835398555663D+03  0.46874899358441D+02  -.86941756559435D+02
  0.89762085801887D+02  -.52251354265844D+01  -.24743795424427D+02
  0.52826929032541D+02  0.85354499638683D+02  0.37364715791836D+01
  0.22123191069885D+02  -.21514699605872D+02  0.25641242554173D+02
  -.33260530421274D+02  -.86130496402611D+02  0.12604878877252D+03
  0.70618965232394D+02  0.59743956666769D+02  -.75354188530448D+02
  0.82618673566137D+01  -.30111873063912D+02  -.39297068514558D+02
  0.78379512579777D+01  -.15156522785147D+02  -.95076228535632D+01
  0.56557216207862D+01  0.80453953426424D+00  0.21750231661694D+01
  0.54375971356087D+01  -.37159052604116D+01  0.66702684938907D+01
  -.61008096123162D+01  -.12461789268998D+02  0.26773519937853D+02
  -.32242810125059D+02  -.16666147715058D+02  0.88503492231151D+02
  0.58649940979269D+01  0.66754808207182D+01  -.20440564968922D+02
  0.73554842459207D+01  0.60455592579482D+01  -.17115873559571D+01
  0.22879047430923D+01  -.11922409601636D+01  0.18552443300915D+01
  -.53520650092891D+00  0.54507879148420D+01  -.15254182052931D+02
  0.15657608082822D+01  -.56846193892512D+01  0.28326919135103D+01
  -.29239113813711D+02  0.33672576114880D+01  0.59549172326234D+01
  -.10431667446130D+02  -.10438300158291D+01  -.97409949620343D+01
  -.88978722140443D+01  0.90332363736820D+01  0.34447166532673D+02
  -.12464624847424D+02  0.81544055450356D+01  -.31371586609937D+02
  -.23063694704648D+02  -.30261795246177D+02  0.83898223567438D+01
  0.22487655263488D+02  -.10957657430903D+02  0.40892576619715D+02
  0.38444998613542D+01  -.46179516256008D+01  0.12858265236289D+02
    xz component
  -.81891174306355D+02  0.10954699671246D+03  -.54160309279322D+02
  0.12779280561402D+03  0.17969301791004D+03  0.56744490573564D+02
  -.84154611515853D+02  0.54093008587446D+02  0.45917162748518D+02
  0.28196501392163D+02  0.32564739730641D+02  -.59735389268007D+01
  0.72736209452974D+02  0.16047755614814D+02  -.37119703382718D+02
  0.17769163958618D+03  -.75315539407665D+02  0.56918682735078D+02
  -.97540256537637D+02  -.88928963985046D+02  0.62507996290639D+02
  -.22095999516436D+02  -.96713726645054D+02  -.21276532943199D+02
  0.24848913010861D+02  -.51014704575082D+02  0.18346752755097D+02
  0.10434741442336D+03  -.93350489537491D+02  0.12800793080057D+03
  0.36105977115036D+02  0.41742830015142D+02  -.33570781633523D+01
  -.66578500923703D+02  -.11914772635432D+02  0.38879676385644D+02
  -.71785934091444D+01  -.45197598546011D+02  0.30073384839391D+02
  0.82212226139279D+02  0.11208908710836D+03  0.62303326589547D+02
  -.10481856528484D+03  -.75301346173103D+02  0.25522161745322D+03
  -.86192972865921D+01  -.67512807028096D+02  0.34702724746112D+02
  -.73318418337596D+02  0.11670333468724D+03  0.12193562995971D+03
  0.16046880728516D+03  0.92624183143296D+01  0.17222524400885D+03
  -.67330703402401D+02  0.23480458931223D+02  0.28474435723306D+02
  -.16715176057279D+03  -.48062127098507D+02  -.25715493034844D+03
  0.14404758743867D+02  0.16164652274965D+02  -.18948447969824D+02
  0.58506186335448D+02  -.73970126693835D+02  0.17861757221072D+02
  -.12037684027042D+03  -.84215042744002D+02  -.37925709355034D+02
  0.84216143107887D+02  -.33383830893619D+02  0.42063454081261D+01
  -.96344887654561D+05  0.20221280239752D+05  0.10398178141703D+05
  0.41009013153271D+05  -.15716492524205D+06  0.10766764144639D+06
  -.25226860097686D+04  -.26538284805088D+06  -.18979197813884D+06
  -.27290756276784D+05  0.28674529566904D+05  0.69670533934783D+05
  0.11328422308114D+06  0.10457672957308D+06  0.43699948489216D+04
  -.16036888069044D+06  0.35159771031049D+06  -.79516370875438D+05
  0.27839747551551D+06  0.21855441363617D+06  0.11850863094851D+05
  -.25928267318836D+06  -.95645217229033D+05  -.88495387001557D+04
  -.10102285986606D+06  -.16492309164326D+06  -.29634323901809D+06
  -.99166270834276D+05  -.25494716162295D+06  -.20233522594568D+04
  -.10123080642652D+06  -.38590821992815D+05  -.20308861935218D+06
  0.27904243239248D+06  0.99911784298379D+05  0.17514624437461D+06
  -.38976716240465D+05  0.92453224984669D+05  0.38081867218160D+05
  0.93706600927581D+05  0.10903421646222D+06  -.53578896185054D+05
  -.53600632689414D+05  -.25919285096949D+06  0.16709104903323D+06
  -.10013898390167D+06  -.12760901637517D+06  0.97494427693342D+05
  0.15475164057582D+02  -.37098228440811D+02  -.36344482996505D+02
  0.12716515792009D+02  0.21077701741134D+02  0.16002780546222D+02
  0.28905730999127D+02  -.23911649591335D+02  0.21939290727817D+01
  -.11377012043868D+03  0.26690691541438D+02  -.59440146620422D+02
  0.14565900088615D+03  -.46972824663216D+02  0.54339885107385D+02
  -.20271733224240D+03  -.20959566564028D+03  0.47780973146124D+02
  -.22424697166370D+03  0.91232483926573D+02  0.11707660399834D+03
  0.19158427748361D+03  0.15430018353083D+03  0.13863336406761D+03
  -.21036281144078D+00  -.81083229142509D+01  -.12265134516334D+03
  0.24077164702104D+03  0.62788606970307D+02  -.36317357751122D+02
  -.25317320242825D+03  -.15303122341062D+03  -.51484439770732D+02
  0.97664024774565D+02  0.12600696382022D+02  -.10552007118201D+03
  -.33858097015835D+02  0.21349270928951D+02  0.42650551034627D+01
  0.18405212055541D+03  0.42983731247827D+02  0.16719744996450D+02
  -.25632049465594D+02  0.37945199922843D+02  0.32538120050241D+02
  -.64711774188672D+02  -.22310038419747D+02  -.13086469594770D+01
  -.34708332674143D+02  -.12053435849415D+03  0.19355180896757D+02
  -.71528949630958D+02  -.21335725611297D+02  0.21693693953907D+02
  0.16856083106374D+03  0.21802261415827D+02  -.41627757984731D+01
  -.23525578698646D+02  -.43093780299505D+00  -.18910076723849D+03
  0.25759307590659D+01  0.15945568961381D+02  0.40703226980920D+02
  -.73223552326506D+01  -.11951798982569D+01  0.33074691314476D+01
  0.31960575758057D+01  -.14815451912490D+01  -.10620338912068D+01
  0.92115135804041D+00  -.37521998927811D+00  -.18781664497726D+01
  0.78995698093281D+00  0.11368951891736D+02  0.46710086062805D+01
  0.37724050015237D+00  0.65324661070701D+01  0.90686854154947D+01
  -.12433119825015D+02  0.72192695327008D+01  -.18274892076483D+02
  -.41812022701500D+01  -.11572081835177D+02  -.13226625285570D+02
  -.95896652823556D+00  0.44618459551498D+01  -.52969931556955D+01
  -.21585773463189D+01  -.47773689363173D+01  0.17817861736192D+02
  0.18632359489707D+01  0.32405591701862D+01  -.71934410872450D+01
  0.31620851862628D+02  -.97406035241712D+01  0.56840730533723D+01
  0.12559926780375D+02  0.28136087162396D+01  0.16277235627964D+02
  0.12324657152848D+02  -.14836417956652D+02  -.10035804105460D+02
  0.88528319520691D+01  0.49232323986963D+01  0.25465807048280D+02
  0.11073801870000D+02  0.37725354062866D+02  -.16094294205724D+02
  -.26983520988719D+02  0.48114657122652D+02  -.63960766142210D+02
  0.45217571943062D+01  0.82731157102030D+01  -.13819909977419D+02
    yz component
  0.66145538343804D+01  0.41919754242711D+00  -.94093251117869D+01
  -.60201451394404D+01  0.12633370918110D+03  0.37206832853536D+01
  0.39871173639054D+02  0.89770998356926D+02  -.29164465019890D+02
  0.19800546151979D+02  -.20529044819515D+02  -.52084147488821D+02
  -.56632633712043D+02  0.56575026902395D+02  -.72976511076623D+02
  0.72779474091709D+02  -.10838894521929D+03  -.32547340095220D+02
  -.29643338748920D+01  -.33453889404670D+02  -.28745291432040D+02
  -.80971640990876D+02  0.14016311308192D+02  0.14286657671931D+01
  0.11117824488282D+03  -.25798869033314D+01  -.27730423618796D+02
  0.56543273837198D+02  -.12366112740885D+02  -.21045163408288D+02
  0.94046853260397D+02  0.52626078788686D+02  0.17091994582543D-01
  -.68804010814580D+01  -.38840183847494D+02  -.86744766818933D+02
  0.40745395025622D+02  0.79263284190100D+01  -.14524986050611D+02
  -.88024199106804D+02  0.86912329405164D+02  -.11046162408760D+02
  -.51417428622993D+02  -.97149087353754D+02  0.11536044436128D+03
  0.12704437949764D+01  -.39598066503510D+02  -.28357856380691D+02
  0.37466278711933D+02  0.12998226037122D+03  0.74152973054515D+02
  0.56728768666892D+02  -.94863323126669D+02  0.10668224385766D+02
  -.65782184170779D+02  0.28137155970530D+01  -.10791289166459D+02
  -.10245073193844D+03  0.85414187947158D+02  -.92284670747041D+02
  0.83712790690134D+02  -.71600627829656D+01  -.11113244802472D+02
  -.69445725473802D+02  -.14957825199342D+02  -.43352298194481D+02
  -.46617879629498D+02  -.53271805283602D+02  -.42365634984105D+02
  0.40702653176185D+02  -.11150962264015D+03  0.21305140278214D+02
  -.58161600314865D+04  -.83145287033516D+04  -.32175285363193D+05
  -.62049724915442D+05  -.50687818055015D+05  -.84499341214923D+05
  -.10531911240141D+05  -.59423470320667D+05  -.10424686182543D+06
  0.97990006482032D+05  -.44356644276258D+05  -.69245740837145D+05
  0.26920437049194D+05  -.31255307721738D+05  -.47508272279951D+05
  -.49312651605566D+05  0.11360343433484D+06  0.11964666030637D+05
  0.78817409696913D+05  -.21462828927081D+06  0.94586831823169D+05
  -.41256044344375D+05  -.96555994979716D+05  -.59325742596653D+05
  0.10302298185509D+06  -.19413269865394D+05  0.15855759884468D+04
  -.25915507554850D+06  0.17896977530612D+06  0.10670015236080D+06
  0.18895850386033D+06  0.18949721686728D+06  0.21331717571492D+06
  0.16117699251726D+06  0.79317154532150D+05  -.86931832819038D+05
  0.17058929935026D+05  -.46626149616754D+05  -.62514666524265D+04
  -.45506659346176D+05  -.77250573787340D+04  -.25230439951565D+05
  0.49451522421645D+05  -.13375450401025D+06  0.23766931518690D+05
  -.83108914934703D+05  -.11978608122864D+06  0.24698127449488D+05
  0.24727323245534D+02  -.42890274728130D+01  0.40791928819091D+01
  0.14410315800635D+03  -.12209404497989D+03  -.31239319114305D+02
  0.38846677239946D+02  0.74411446811334D+02  -.21408315105890D+02
  -.11477344928156D+03  0.11362931871057D+03  0.25133077463618D+02
  0.35301004506541D+02  -.19988488859150D+02  0.67755560805630D+01
  0.49464554881027D+02  0.15553765036731D+03  0.71201969118235D+02
  0.18866119106561D+03  -.10305464077288D+03  -.83742081599633D+02
  -.17108524231115D+03  -.15116800833596D+02  -.43551184522751D+02
  0.11086832950993D+03  -.81288325281109D+02  0.62556215985374D+02
  -.15713047888816D+02  0.20337293807894D+03  0.82998870098916D+02
  -.17927853079593D+03  -.32609309102537D+02  -.13030910606921D+02
  0.19690127788367D+03  0.76287057403448D+01  0.54008288898251D+00
  -.16477949424655D+03  -.15445474409529D+03  0.42298345055375D+02
  0.23003471194039D+03  0.20572399408998D+03  0.14087864192187D+02
  -.19102016336691D+03  -.74217536257227D+02  -.55031316143186D+02
  0.99838065270687D+01  -.89244188463464D+02  0.11939395971544D+02
  -.54336566280608D+02  -.23691691851119D+01  0.53305719353830D+01
  -.17675335278468D+02  0.37050665000444D+02  -.85934699083573D+02
  -.96239796153015D+02  0.10140118778445D+03  -.26789634403002D+02
  -.18120096293376D+02  -.18965985202231D+03  0.39303552295114D+02
  -.14890369883608D+02  -.96684693512370D+01  -.90757696340043D+01
  -.14302831548567D+02  0.44961211284790D+01  -.18663919808588D+02
  -.19490128570978D+01  0.77198142039792D-03  0.41152246889517D+01
  -.53831666291324D+01  0.31543908269494D+01  0.53234116075252D+01
  -.16119392488152D+02  0.11424735521540D+01  0.93296617174707D+01
  -.45533292870310D+01  -.11251470613782D+01  0.42674688882342D+02
  -.42609769135482D+01  -.60945851106086D+01  -.41416709229764D+01
  -.20769914333004D+01  0.41793526108110D+00  0.68740378299158D+01
  0.66696230630784D+01  0.12451955356494D+01  -.92617420582516D+01
  0.37900878472644D+01  0.78307157307587D+00  0.44997170821350D+01
  -.27231760552580D+01  0.37667482342553D+01  -.18630793101110D+02
  0.14622704723867D+02  0.20285581778558D+01  0.50751937554674D+01
  0.15066562351685D+01  -.35580540479003D+00  0.54381271521220D+01
  0.10165516363112D+02  -.55629002560751D+00  0.10871234061957D+02
  0.33598449459490D+01  0.98406680760627D+00  0.58636993753395D+01
  -.31877098636772D+01  0.16297944413328D+02  0.86687949051992D+01
  -.68467536135382D+01  0.15676602590447D+02  -.84019708648368D+01
  0.44751452767087D+01  -.13911794395132D+02  0.20509048844000D+02
$actual step      egrad
$orbital_max_rnorm 0.27657191684045E-03
$subenergy  Etot         E1                  Ej                Ex                 Ec                 En                 Disp
-7061.859352809    -87012.24092384     43118.52917519    -664.8947566067    -38.95356886953     37536.12681789    -.4260965660780
$end
