$dipgrad          cartesian dipole gradients
  0.93545198030320D-01  0.65779682222315D-01  -.22502152045275D-01
  0.10336963699289D+00  0.52628280466580D-02  0.53630756000838D-01
  -.36593591472112D+00  -.36355897620299D+00  0.80070550285085D-01
  0.54884840312306D-01  0.29048101452513D-01  0.10739373894145D-01
  -.54977280748900D-01  -.14587728784561D-01  0.41246521204288D-02
  -.18799343118005D+00  -.39802393585440D+00  0.68573080487239D-01
  -.78069530858263D-01  0.14838790771964D-01  -.26784580704778D-01
  -.48537938795988D-01  -.77751035949969D-01  -.13032940005276D-01
  -.13444869333426D+00  -.42504122130147D+00  0.14581347716201D-01
  -.61013214317272D-01  -.33646987934088D-01  0.19100292815041D+00
  -.11668745989225D-03  -.11421577374972D+00  -.86554558221817D-01
  -.32654762355267D-01  -.42581798383214D+00  0.12358534551472D+00
  -.82157716920448D-01  -.62884272947476D-01  -.96040594523424D-01
  -.26581875225351D-01  0.20264106889703D-01  -.16693751645425D+00
  0.11218706957915D+00  -.38978771023719D+00  0.18545781790027D+00
  -.65450006387609D-01  -.19840348749158D-01  -.38688588222417D-01
  0.55089358387304D-01  -.64224810449275D-02  0.33075545873014D-01
  -.31281459908228D+00  -.10178436236236D+00  0.10259014792607D+00
  -.11202261942735D-02  0.15085628526259D-02  0.57187452677030D-01
  -.37517138511578D-01  -.31780911263222D-01  0.24163439680533D-01
  -.15656742105258D+00  -.15755477763389D+00  0.28609716940072D-01
  0.10787762395425D-01  0.24322729190407D-01  -.37159610623235D-01
  -.35747691574388D-01  -.50274806477063D-01  0.87329838642754D-01
  -.58803785179539D-01  -.12922543569319D+00  0.62035573967380D-02
  0.52807309776140D-01  -.10512697782148D-01  0.54949684533042D-01
  -.42595290566756D-01  0.37737604359603D-01  -.92998265856272D-02
  0.52164419766974D-01  -.13721028367924D+00  0.52173506269582D-01
  -.19975969520664D+00  0.27579154964729D-01  -.54744372698095D-01
  -.20755000158037D-01  -.15080765155114D+00  0.22400169691532D-01
  0.13723722053095D+00  -.16452636546508D+00  -.50158183778962D-03
  -.92916370237274D-01  -.18111460786866D-01  -.20531114962220D-01
  0.10479441663945D+00  -.13874106644276D-01  -.45542062848836D-01
  -.23004199237523D+00  0.80108520009491D-01  0.22712205229066D-01
  0.13073913017773D-01  -.18844931779888D-01  0.13479514021603D-01
  0.20905618424420D-01  -.59071561993526D-01  -.66596276556909D-01
  -.10640453862592D+00  0.27061309095910D-01  0.63888110815989D-01
  0.40971843998150D-02  0.60966091346714D-02  0.71817590433578D-01
  0.72324418285175D-01  0.49966472599512D-02  -.39980394399469D-01
  0.62601668186420D-01  0.51831491845468D-01  -.14896147244737D-01
  -.27080958064960D-01  -.22488519879347D-01  -.48771611239146D-01
  -.80150644748145D-01  -.54380950433886D-01  -.78820704741841D-01
  0.13170074355282D+00  0.17131968833574D-01  0.63813167457072D-01
  -.49661836527188D-01  0.79404382567934D-02  0.27550093676968D-01
  0.46133846879935D-01  -.15156727527332D-01  -.91511252587887D-02
  0.24901379446849D+00  0.14730639478139D-02  0.68192041417555D-02
  -.13461099214024D+00  0.18509684115514D-01  0.74031036329875D-01
  -.20366447713299D-01  -.10669738458902D+00  0.20297529434989D+00
  -.23911717170704D+00  0.22515789349834D+00  0.15747212909377D+00
  0.78759597364262D-01  -.82989826526608D-02  0.22724919950279D-01
  -.36506988095964D-01  0.13207802785725D-01  0.63716008247341D-01
  0.45081597441004D-01  0.17333571819405D+00  0.41730347091545D-01
  -.65460514779125D-01  -.11055248097173D-01  -.10640625891412D+00
  -.58031888537895D-02  -.36299362324306D-01  -.27442823545731D-01
  0.86542454450281D-01  0.18369549094184D+00  0.40908519505726D-01
  0.76642309510455D-01  0.17895591793304D-01  0.72414698638973D-01
  -.88571459456862D-02  -.39285573615590D-01  0.63179405459015D-02
  0.10832616824799D+00  0.12496206952081D+00  0.49182043356688D-01
  0.12338233227545D+00  0.31988970608105D-02  -.76837815688933D-01
  -.16855337820976D-01  -.89887477176678D-01  0.19962196077890D-01
  0.38692566734592D+00  0.25311483504806D+00  0.38556462553214D-01
  0.35409511635939D-01  -.15902505204332D-01  -.15867115888374D+00
  -.84719360800978D-01  0.19921394756937D-01  0.39250018321444D-01
  -.73247602299873D-01  0.45613394272376D+00  0.20291220136839D+00
  -.74903966029367D-01  -.42672990193688D-01  -.40545538106085D-01
  -.12143184348692D-01  -.15335006203775D+00  -.66185605373913D-01
  0.11961114842833D+00  0.41606905394562D+00  -.61810752850297D-01
  0.26954734424355D-01  0.14283307163592D-01  -.89192721770440D-02
  -.15325867481270D-01  -.65236371704063D-01  -.29018442551910D-02
  0.14445706123607D+00  0.39443025519567D+00  -.37897118291703D-01
  0.32878147052665D-01  0.12720956220923D+00  0.55211937675554D-01
  0.10300627613529D+00  0.89161442136742D-01  -.24222470179338D-01
  0.38988628374380D+00  0.47033939241736D+00  0.21821557045816D-01
  0.20413841407421D+00  0.10896268009258D+00  0.45100596557846D-01
  0.18493100406098D+00  0.15429478104082D+00  -.24233856798420D-01
  -.43889632052252D+00  -.38050948715016D+00  0.91151684357512D-01
  0.61362034375993D-01  -.23352175380428D-02  -.79371101519296D-03
  -.18253494832466D-01  0.11315428067633D+00  0.26462957472563D-02
  -.21846844281873D+00  -.34924841863853D+00  0.50066692981663D-01
  -.65981738870800D-01  -.83775128265430D-01  0.12711465547148D+00
  0.81504310198813D-01  0.15552033003952D+00  -.50807247703049D-01
  -.11846879087827D+00  -.37674795351833D+00  -.59100974748790D-01
  0.62116435394703D-01  -.52358680060289D-01  -.84623442929954D-01
  -.55811762910178D-01  0.17737800754557D+00  0.10099197365156D+00
  0.12564623337413D+00  -.31477441927933D+00  0.19397774765111D-01
  0.10666439783038D-01  -.40680408378756D-01  0.62818311547836D-01
  0.50364044763955D-01  0.14740878203158D+00  -.55316835871148D-02
  -.29600161607746D+00  -.12056579363335D+00  0.33885884802143D-01
  -.14544188633219D-02  -.41480515748486D-01  0.22754159243269D-01
  0.21532670025697D-01  0.13299694214084D+00  0.20990758816159D-01
  -.19973426599644D+00  -.14409179183704D+00  -.18108934970713D-01
  0.18802214749870D+00  0.57691947252447D-01  0.12599077136550D-01
  -.18841822785860D-01  0.90095361789598D-01  0.18833214081699D+00
  0.52396330118838D-01  -.88878220341173D-01  -.18097844738367D+00
  0.92519934740910D-01  -.20290975821435D-01  -.14009028510506D+00
  0.38491766310962D-01  0.13226348358079D+00  -.38545972357876D-01
  0.22727380068876D+00  -.15027058897835D+00  0.27887235988081D-01
  0.99672535393946D-01  0.49208461836640D-01  0.64299488767182D-01
  -.92281028028722D-01  0.90828677358234D-01  0.66913358754290D-01
  -.25880317483789D+00  0.76508069658296D-01  -.64732385651323D-01
  0.33817252579437D-01  0.21596187696878D-01  0.20954498853440D+00
  0.13183919737767D+00  0.22341642426656D+00  -.12201815401051D+00
  -.24265421051884D-02  0.92090042441488D-01  -.16349313234170D+00
  0.15178156438992D+00  0.32744552923874D-02  -.16595033283593D+00
  0.41625920984387D-01  0.21132978396173D+00  -.85022653050644D-01
  0.19635601433649D+00  0.13647838318381D+00  -.35935698451150D+00
  0.79703848724554D-01  -.35639815699285D-01  -.55696829516480D-01
  -.25634911725813D-01  0.18758859495385D+00  0.16634595206947D+00
  0.27258867079509D+00  0.91612466519938D-01  -.38412758600155D-01
  0.21174073441123D-01  -.66136207710109D-01  0.21763640771964D-01
  -.43304225752307D-01  0.16787802787166D+00  -.96086514929513D-01
  -.46781672568367D-01  0.34552163063601D+00  0.39923867291532D-01
  0.13428964273861D+00  -.42822626624696D-02  -.15451590542323D-01
  -.30137294681359D-01  0.12648602512725D+00  -.45452806588852D-01
  0.52315574723649D-01  0.39183808729611D+00  -.18524737637017D-01
  0.82905753110887D-01  0.37688620184415D-01  0.76593758355940D-01
  -.39163038170468D-01  0.12706543550003D+00  -.70051628735968D-01
  0.23599135700644D+00  0.37269963696447D+00  -.90903507828693D-01
  0.17742148640149D+00  0.28032429950516D-01  -.95632065739288D-01
  0.31223580053334D-01  0.20201219276592D+00  -.41312256631870D-01
  0.32850054804778D+00  0.28394616984600D+00  -.13646488745396D+00
  0.42247244192824D+00  0.43267026691498D-01  -.40809156067892D+00
  0.88252300613225D-01  0.50924059466967D-01  -.26668727879961D+00
  -.18692682136466D+00  -.49299699023820D-01  0.17880618145373D+00
  -.11988673677579D+01  0.10164496052730D+00  0.14376346324938D+01
  0.39145238171319D+00  -.27517265102880D+00  -.54935199822203D+00
  -.28206615068670D-01  -.86328386084643D-01  -.10559902331404D+00
  0.22613125368562D+00  -.50800103902619D-01  -.10866498298283D+00
  -.14265707813426D+00  0.21638796526240D+00  0.28715906225843D+00
  -.17966546127891D+00  0.42935585118517D-01  0.23264997229608D+00
  0.10152097029710D+01  -.17043097315363D+00  -.10322921447592D+01
  -.46912077809641D+00  0.16977446424428D-01  0.73705669213138D+00
  -.25780091296920D-01  0.67477945871962D-01  0.97506359124037D-01
  -.63904120290467D+00  0.32457175185477D-01  0.57032413377332D+00
  -.12259477027288D+00  -.44124094095944D-01  0.12090947068146D+00
  0.13612880894463D+00  -.30470326381082D-01  -.16190198691571D+00
  0.28501513879196D+00  -.29515783238017D-01  -.67612089891184D-01
  -.45705656791130D+00  -.15047655317982D+00  0.10188626847308D+01
  0.18641135926136D-01  0.26251834330517D-01  -.18475086002780D+00
  -.69708112509644D+00  -.12483744335624D+00  0.88986959708160D+00
  0.38903603940327D+00  0.28608541642250D-01  -.50180639563160D+00
  0.23476937973318D-01  0.61586099775753D-04  0.63288487149779D-01
  0.49294824586149D+00  0.55936032299918D-01  -.76686000306014D+00
  0.68859995592881D-01  0.57557372892643D-01  -.30465475005963D+00
  -.13646286369688D-01  -.11269715147130D-01  -.10658928856094D+00
  -.37344624494218D+00  -.61956232837972D-02  0.52043640055552D+00
  0.50605507413616D+00  -.45236517657171D-01  -.75767931619676D+00
  0.27399772782393D-01  0.23408806133726D-01  -.14568603880326D+00
  0.64686669770330D+00  -.37949579459569D-01  -.23600990317707D+00
  -.16250245295735D+00  -.30258736028723D+00  0.98138136185143D+00
  -.11232931280559D+00  -.44697588700887D-01  -.13649125825808D+00
  -.40308860177482D+00  0.17902333578783D+00  -.42039833312706D+00
  -.14004511002719D+00  0.27177396432238D-01  -.33106402812770D+00
  -.16199809074104D-01  -.66519775114828D-02  0.11680093922988D+00
  0.31525452724127D+00  -.10839144605646D+00  0.60723779512029D+00
  -.42173264070089D-01  0.61792066769634D-01  -.16206835469199D+00
  -.37199193675952D-01  0.19008328419999D-01  0.47728360164359D-01
  -.18091846420971D+00  0.23954586827219D-01  -.51340317058238D+00
  -.28635378561783D+00  0.38471710231984D-01  -.83405061711823D+00
  -.32154225492681D-01  0.25994182962665D-01  -.18913421509442D+00
  0.65624932392720D+00  0.22630240319311D-01  0.98547845904960D+00
  0.35192107779905D+00  -.85320471232755D-01  0.77434644994581D+00
  0.16970531262724D+00  0.48509697074724D-01  0.40867685799890D-01
  -.97049465808061D+00  0.10128512624725D+00  -.15373518340476D+01
  -.20976005962917D+00  -.20315758139600D+00  -.66863068699811D+00
  -.84806461376372D-01  -.99280786741037D-01  0.86597290163423D-01
  0.47335111929089D+00  -.11639206520634D+00  0.47334548278154D+00
  -.26139087189820D+00  0.63691849802683D-01  -.32344875042522D+00
  0.47610451976801D-01  -.60149244597895D-01  0.13269692990660D+00
  0.10633322775789D+00  0.34046692526182D-01  0.54267340619955D-01
  0.10739098555224D+00  0.15368371907978D+00  0.44671604181720D+00
  0.65139306900825D-01  0.76762781331482D-01  0.11534317438164D+00
  -.41688375401542D+00  0.40926620279206D-01  -.53113048145207D+00
  0.73613736376378D-01  -.72604046328777D-01  0.13442132216160D+00
  -.89754918747556D-01  -.17422528862043D-01  -.22682729463037D+00
  0.28487595868807D+00  -.10568060420094D-01  -.58395102201743D-01
  0.13688706097830D+00  -.15745776923373D+00  0.89896185774896D+00
  0.59523811707808D-01  0.34004344380716D-01  -.89261884354702D-01
  -.15112035279400D+00  0.25181669924221D-01  0.57375034852297D-01
  0.27221909593147D-02  -.70687795080362D-01  -.54207564153260D+00
  -.13339911292840D+00  -.63492692020952D-01  0.47140545810420D+00
  -.55127815894387D-01  -.59716638742058D-02  0.67107772533834D-01
  -.77724516994182D-01  -.17540099942353D-01  0.82116915541816D-01
  -.31060572105844D-02  -.78089134518740D-02  -.89169600224396D-02
  0.29040503137871D-01  0.16249101852442D-01  -.21829412238610D-01
  -.10841922634949D+00  0.95060928637530D-03  0.16321959523628D+00
  0.95297180278503D-01  0.32996033328529D-01  -.79805195250027D-01
  -.75198551268392D-02  0.12883449104109D-01  0.53283429340925D-01
  0.10054694849912D+00  0.10119922250599D-01  -.48160231799208D-01
  -.36859188609959D-01  0.52778673020860D-02  0.83450656250465D-01
  -.62815299125579D-01  0.44799252977334D-01  0.62700426537516D-01
  -.36486891260779D-01  0.65780641129928D-01  -.62252175582017D-02
  -.35833816867914D-01  0.96892888249084D-03  0.89520875226528D-01
  0.73013074392389D-01  -.56675261170697D-01  -.12035784211140D+00
  0.63934952569438D-01  -.93926208333118D-02  -.10774580589252D+00
  0.93541233582373D-01  -.37348011370526D-01  -.10207843775862D+00
  -.36595409107699D-01  -.45394781435811D-01  0.48057279200460D-01
  0.33056838976392D-01  -.31187351676730D-01  -.62046674066768D-01
  0.12258892040903D+00  0.74183987474255D-01  -.14866483361569D+00
  0.28585350504143D-01  -.16484834800905D-01  0.19499516350111D-02
  0.69762375807673D-02  -.11676711653605D-02  -.13299722756222D-01
  -.39511548038798D-01  0.49439340271799D-01  0.86809925397048D-01
  0.25843914705574D-01  0.15685845321413D-01  -.28654000093473D-01
  -.25598317724487D-02  0.11839375738360D-01  -.85156082494635D-02
  -.23715953548984D-01  -.60529797686755D-01  0.11827815523072D+00
  -.96263341264489D-02  -.26043295043699D-01  0.35650020742782D-01
  -.20555085689740D-01  0.26010633791202D-01  -.19688013588387D-01
  -.66058593761143D-01  -.36273574248476D-01  0.11800159311948D+00
  0.33295411472250D-01  -.25846674433988D-01  0.43315707017104D-01
  -.38388990100685D-02  0.93614130425228D-02  0.49572957340719D-02
  0.42501291529009D-01  -.56401050994578D-01  0.10347891964138D+00
  0.77051639968633D-02  0.18661139124703D-01  -.46245934669492D-01
  -.41191878487830D-02  0.36631669066436D-01  -.15472048549143D-01
  0.62516154056719D-01  -.37686745670382D-01  0.10436381770155D+00
  0.45186638411163D-01  -.40642284174194D-02  0.60576345626402D-02
  0.11934294532207D+00  0.96827957233492D-02  0.19340502552539D+00
  -.12780115758386D+00  0.64677780305961D-01  -.13924510192906D+00
  0.23275337420791D-01  -.79282879504398D-02  -.35993984485383D-01
  -.10073551706969D+00  0.15080179419753D-01  -.19504809573154D-01
  0.10225730272948D+00  0.27009290481784D-01  0.98102856232202D-01
  0.20690855358391D-01  -.15130658380448D-01  -.50476927459069D-01
  0.21858554183979D-01  -.16878983886024D-01  0.37208942380397D-01
  0.11779378701051D+00  -.38006216461388D-01  0.37448258630049D-02
  -.29803293356769D-01  -.23034440304417D-01  -.53156476861996D-01
  -.20375761656108D-02  0.41197833168858D-01  -.15122137740896D-01
  0.11346792100919D+00  0.36452938796361D-01  0.96725619371043D-01
  0.77461734994303D-01  0.48859763970597D-01  0.14627958287662D+00
  -.29806620050450D-01  0.92699389723101D-02  -.11181843938385D+00
  -.65210696148480D-01  -.49703459576611D-01  -.11054180060683D+00
  -.76406705896528D-01  0.12159844322324D-02  -.12301923661490D-01
  0.21976990320663D-02  -.16730633365080D-01  -.85133084775552D-01
  -.42111652440855D-01  0.44290296087676D-01  -.31598323927747D-01
  0.16857642724662D-01  0.95194649264428D-02  -.10001553129433D-01
  -.31834622296291D-03  -.26639310403211D-02  -.13908522594712D-01
  0.43494555905013D-01  0.45187393758630D-01  0.92132612462695D-01
$end
