 Mode:  11         10.343  -0.226704520773D-03  -0.135584067212D-03  -0.993674485860D-04
 Mode:  12         12.538  -0.592381524033D-04  -0.858064649921D-04   0.291725257269D-04
 Mode:  13         14.038   0.181537051283D-03   0.223253489714D-03  -0.265294715354D-03
 Mode:  14         15.018   0.308018748880D-03  -0.540882559418D-05  -0.524312282461D-04
 Mode:  15         17.475   0.364769680158D-04  -0.932004816342D-04   0.204434388335D-03
 Mode:  16         20.147  -0.128049968837D-03  -0.249733317888D-05  -0.308598122299D-03
 Mode:  17         22.610   0.494284124857D-04  -0.109002615564D-04  -0.857872629416D-04
 Mode:  18         25.080  -0.142622585658D-03  -0.121082417928D-03   0.130866867482D-03
 Mode:  19         27.160  -0.692944627069D-04   0.431427350200D-04  -0.580895202069D-04
 Mode:  20         27.972   0.454831855458D-04   0.111643858115D-03  -0.500717551043D-04
 Mode:  21         28.989  -0.119270605509D-03  -0.156009372283D-03   0.161687283453D-03
 Mode:  22         31.619  -0.242970958820D-05   0.692493243154D-04   0.109515193547D-04
 Mode:  23         32.368  -0.155688019774D-03  -0.495392917527D-04   0.971804850258D-05
 Mode:  24         33.659   0.233593581650D-04  -0.239581717660D-04   0.150162025531D-03
 Mode:  25         34.655   0.148038178184D-03   0.116154722854D-03  -0.242379579160D-03
 Mode:  26         36.740  -0.631014553920D-04  -0.478482813438D-04   0.100905030407D-03
 Mode:  27         37.881   0.323375066287D-04   0.506692933927D-06   0.261470480822D-03
 Mode:  28         40.663  -0.285010271176D-04   0.985945944556D-04   0.776813996460D-04
 Mode:  29         42.884   0.620922829023D-04  -0.196966434378D-04  -0.109141280078D-03
 Mode:  30         45.146   0.187871236716D-03  -0.743323952813D-04  -0.521839344163D-04
 Mode:  31         45.720  -0.246970845430D-04  -0.776386118994D-04   0.346846487236D-03
 Mode:  32         46.179  -0.887361478505D-04  -0.120367183401D-03   0.477673700924D-03
 Mode:  33         47.216  -0.649115933470D-05   0.537046429773D-04  -0.527304218506D-03
 Mode:  34         47.689   0.103050087686D-03   0.117505617371D-04   0.102092767679D-03
 Mode:  35         50.103   0.315765493784D-04   0.613005762263D-04  -0.430729750396D-03
 Mode:  36         50.763   0.558385537804D-04   0.140538090638D-03  -0.121303751385D-03
 Mode:  37         51.106   0.854376132185D-04  -0.106033726348D-03   0.269939685001D-03
 Mode:  38         52.430   0.369321624402D-03   0.274556990418D-03  -0.794199406406D-03
 Mode:  39         54.193   0.281724282805D-03   0.584931694585D-04  -0.181128064496D-03
 Mode:  40         54.474   0.183189624584D-03   0.186232204164D-03  -0.438696205352D-04
 Mode:  41         55.740   0.127478315262D-06  -0.828364494553D-05  -0.491823258229D-04
 Mode:  42         57.668  -0.902336506695D-04  -0.112479398188D-03   0.400911964262D-03
 Mode:  43         58.142  -0.609524927390D-03  -0.300676034161D-03   0.204607480176D-03
 Mode:  44         60.524   0.342543790003D-03   0.111860373478D-03  -0.655150309852D-04
 Mode:  45         61.043  -0.801490905822D-04  -0.316722275980D-05   0.210505103475D-04
 Mode:  46         62.359  -0.280333375267D-03  -0.216384772189D-03  -0.289587504961D-03
 Mode:  47         63.348  -0.144527295753D-03  -0.911273255322D-04   0.268912017559D-03
 Mode:  48         63.970  -0.252017183375D-03   0.406033181496D-04  -0.205232213865D-04
 Mode:  49         64.098   0.133568493776D-03   0.193956807210D-03   0.546685177249D-04
 Mode:  50         65.162  -0.562081916809D-04   0.837162362124D-04   0.425522995265D-04
 Mode:  51         66.430  -0.490715342669D-04   0.778103545746D-04   0.737607774672D-03
 Mode:  52         68.384   0.653678713287D-04  -0.206962711465D-03  -0.284956218615D-03
 Mode:  53         69.594  -0.128345393412D-03   0.349870335908D-04   0.145627842643D-03
 Mode:  54         69.926  -0.149592341425D-03  -0.443634127462D-04   0.587851885113D-04
 Mode:  55         70.254   0.118236729200D-03  -0.142449409794D-03   0.984345102619D-04
 Mode:  56         71.491  -0.178012462880D-03  -0.104560933719D-03   0.696153632401D-04
 Mode:  57         72.152  -0.191394783549D-05   0.105074567349D-03  -0.235615689656D-04
 Mode:  58         72.285  -0.812612342586D-04  -0.199077734293D-03  -0.333488815104D-03
 Mode:  59         73.024   0.272504551882D-03  -0.207659670804D-04   0.191104749863D-03
 Mode:  60         74.068  -0.425102696058D-04  -0.166794315278D-04  -0.258577066495D-03
 Mode:  61         74.611   0.275410180664D-03  -0.171110220177D-03  -0.119745236567D-03
 Mode:  62         76.249  -0.284154424051D-04   0.113099308420D-03  -0.976667563689D-04
 Mode:  63         77.096  -0.559742702438D-04  -0.237472670900D-04  -0.500095440729D-03
 Mode:  64         77.785   0.138957570547D-03   0.141756094882D-03   0.192121494719D-03
 Mode:  65         78.153  -0.815883996409D-04  -0.899414829077D-04   0.266035717013D-03
 Mode:  66         78.560   0.493908807916D-03   0.266156646666D-03  -0.531590248936D-04
 Mode:  67         79.820   0.491130760006D-04  -0.142069957526D-04   0.187778175390D-03
 Mode:  68         81.052   0.410401934180D-04  -0.107457772960D-03  -0.182686490739D-03
 Mode:  69         82.632  -0.386386734880D-04  -0.148635769631D-03   0.164293391977D-03
 Mode:  70         83.144  -0.151672076162D-03  -0.110988652911D-03  -0.429263770069D-03
 Mode:  71         84.847   0.537517797076D-04  -0.412109116020D-05  -0.117515777752D-03
 Mode:  72         85.244  -0.795895325806D-04   0.215367399531D-03  -0.542236857137D-04
 Mode:  73         86.910  -0.198492957434D-03   0.947143463865D-04   0.151784449679D-04
 Mode:  74         88.017   0.185106846787D-03  -0.116528307494D-03   0.437042616128D-04
 Mode:  75         88.470   0.187671416604D-03   0.123583058054D-03  -0.835771600050D-04
 Mode:  76         89.707   0.223193968288D-03   0.330879186489D-04  -0.348413397972D-03
 Mode:  77         90.821   0.802327319588D-04   0.138681252689D-03  -0.225208570397D-03
 Mode:  78         91.329  -0.136666944277D-04   0.714411138679D-04  -0.133323082126D-03
 Mode:  79         93.233   0.295118938211D-03   0.805563703507D-04  -0.576780950110D-03
 Mode:  80         96.482   0.159777667691D-03   0.985514261465D-04  -0.335621518531D-03
 Mode:  81         96.878  -0.261152191616D-04   0.138138058410D-03  -0.144817691105D-03
 Mode:  82         98.237   0.118717209872D-05   0.101534874599D-03  -0.197523485811D-03
 Mode:  83         99.366  -0.171223622576D-04  -0.469578372214D-04   0.202484691057D-03
 Mode:  84        100.448  -0.842365327310D-04   0.183000727206D-03   0.113913213590D-03
 Mode:  85        100.713   0.290571702841D-03   0.438055538157D-03  -0.314033403290D-03
 Mode:  86        102.342   0.804221178844D-04   0.492368934316D-06  -0.841939480775D-04
 Mode:  87        103.039  -0.146838442324D-03  -0.267415915732D-03   0.102385804756D-03
 Mode:  88        104.636  -0.843168432426D-06  -0.183791579362D-03   0.667103559280D-03
 Mode:  89        105.678  -0.143409543734D-03   0.104678242025D-03   0.176506136432D-03
 Mode:  90        105.867   0.847593052578D-04   0.682354120540D-04  -0.198547428639D-03
 Mode:  91        106.594  -0.185840235731D-03   0.123356515964D-03  -0.118761920737D-03
 Mode:  92        108.886  -0.182447588946D-04   0.151923829402D-03  -0.395008119727D-03
 Mode:  93        110.166  -0.372381889597D-04  -0.161143675481D-03   0.353944316806D-03
 Mode:  94        110.691   0.234911604842D-03   0.846222195147D-05  -0.161644591507D-03
 Mode:  95        111.542   0.244514029205D-03  -0.202649115845D-04  -0.118594026836D-03
 Mode:  96        112.253  -0.348425001095D-03  -0.301375592563D-04  -0.992492142959D-05
 Mode:  97        112.892   0.197819395045D-03   0.566838956134D-04  -0.301621338769D-03
 Mode:  98        113.750   0.355403543856D-04   0.409233118409D-03  -0.803607123584D-04
 Mode:  99        116.527   0.714223140530D-04   0.416246979492D-04  -0.227101631734D-03
 Mode:  100        117.269  -0.193081949316D-03  -0.151642002860D-03   0.138056223389D-03
 Mode:  101        119.411   0.140234085234D-03  -0.326792188435D-04   0.413842171772D-03
 Mode:  102        120.276  -0.271727710319D-03  -0.397667551363D-04   0.123678379105D-03
 Mode:  103        121.594   0.135550931156D-03  -0.393043134227D-04  -0.280691849513D-03
 Mode:  104        122.941  -0.334479072936D-03  -0.837250038438D-04   0.196072495730D-03
 Mode:  105        124.630   0.262424558780D-03   0.208824323296D-03  -0.273039424052D-04
 Mode:  106        128.236   0.200376007345D-04   0.302182932658D-04  -0.348949732129D-04
 Mode:  107        129.289   0.327646689169D-03  -0.412630857410D-05  -0.342145789377D-03
 Mode:  108        130.424   0.213779411896D-03   0.110350786525D-03   0.413429234819D-03
 Mode:  109        131.295  -0.948456633970D-04   0.120630867618D-03  -0.163005072423D-03
 Mode:  110        133.703  -0.943825990146D-04  -0.314727447768D-04   0.188260032075D-03
 Mode:  111        134.736   0.175478887284D-04  -0.588737617045D-04  -0.130822402800D-03
 Mode:  112        134.942   0.117538049167D-03  -0.669198059792D-04   0.359576507393D-03
 Mode:  113        135.689   0.176822687452D-03   0.252890537233D-03  -0.122610886324D-02
 Mode:  114        139.210   0.947000751765D-05   0.174915517428D-03  -0.181731258490D-03
 Mode:  115        140.022  -0.173033688090D-03  -0.268286291960D-04   0.307267761142D-03
 Mode:  116        141.217   0.239698295588D-03   0.307753203331D-03  -0.405086160841D-03
 Mode:  117        141.396  -0.138588211759D-03  -0.335247245791D-03   0.190584265675D-03
 Mode:  118        142.562  -0.159593114048D-03  -0.111874165339D-03   0.220053773304D-03
 Mode:  119        143.186   0.382235107644D-03   0.175820954054D-03  -0.105059554428D-03
 Mode:  120        144.366   0.802354224223D-04   0.124401419643D-03   0.242919376810D-03
 Mode:  121        149.618  -0.934621527366D-04  -0.207380684187D-04   0.295992721044D-03
 Mode:  122        150.946   0.361510832690D-03   0.328669896661D-04  -0.384444066471D-03
 Mode:  123        154.665  -0.126107587867D-02  -0.330393954987D-03   0.503048193604D-03
 Mode:  124        154.866   0.252561333352D-03   0.356448056715D-04  -0.280836879399D-03
 Mode:  125        156.613   0.296368874748D-03  -0.157588069038D-03  -0.431491567417D-04
 Mode:  126        159.090   0.445960915961D-04  -0.255403500800D-04  -0.424617074163D-04
 Mode:  127        161.986  -0.198443130340D-03  -0.128703559356D-03  -0.140015978557D-03
 Mode:  128        164.169   0.427205888612D-04  -0.602452016526D-04   0.990712503063D-05
 Mode:  129        165.186  -0.131406809573D-03  -0.839058736661D-04   0.392146470184D-04
 Mode:  130        167.472  -0.138367499212D-03   0.919964498770D-04  -0.689077746117D-04
 Mode:  131        171.914  -0.179623318935D-03  -0.602071937312D-04  -0.461574008287D-03
 Mode:  132        174.075  -0.471200812771D-04  -0.127614937325D-03   0.283778925446D-03
 Mode:  133        175.609  -0.144407129331D-03  -0.320992292430D-03   0.639429747735D-03
 Mode:  134        176.498   0.287287404125D-03   0.652557504471D-04  -0.258025373980D-03
 Mode:  135        177.708  -0.135653079722D-03  -0.165765011532D-03   0.485651433933D-03
 Mode:  136        181.779  -0.165835185649D-03   0.179309026787D-04  -0.374972994547D-03
 Mode:  137        187.797   0.182599965870D-04   0.308760525890D-03  -0.552165373249D-03
 Mode:  138        209.129  -0.269403583003D-03  -0.770599934187D-04   0.357926108867D-03
 Mode:  139        229.654  -0.197655783133D-03  -0.427286862920D-03   0.117740705077D-03
 Mode:  140        233.783   0.530063995900D-03   0.659917658875D-03  -0.175019206106D-02
 Mode:  141        257.194  -0.726324360416D-04   0.255639271053D-03  -0.684163779879D-03
 Mode:  142        276.663  -0.595823560734D-03  -0.516294068877D-03   0.227382872788D-04
 Mode:  143        286.276  -0.433897852566D-03   0.445705509557D-04  -0.112681112189D-03
 Mode:  144        347.768   0.441432287442D-03  -0.292421648853D-04  -0.138509408381D-02
 Mode:  145        352.974  -0.477908749386D-03   0.131094971171D-04  -0.329884164118D-03
 Mode:  146        388.392   0.379663380803D-03  -0.140620193333D-03  -0.211209647389D-04
 Mode:  147        400.688  -0.308941845918D-03   0.363043173803D-03  -0.548054221374D-03
 Mode:  148        428.957   0.264077579371D-03   0.781886041103D-03  -0.235959156709D-02
 Mode:  149        435.752  -0.929076423656D-03   0.296901011780D-04  -0.699709966953D-05
 Mode:  150        441.989   0.152287020747D-03   0.470828433138D-03  -0.147549431151D-02
 Mode:  151        452.634  -0.555628065481D-03   0.334013089033D-03  -0.502571463239D-03
 Mode:  152        484.353  -0.406140673676D-03  -0.428900073613D-03   0.281454319243D-02
 Mode:  153        493.041  -0.648133468442D-03   0.482931508750D-04   0.304854554669D-02
 Mode:  154        516.992   0.103997582356D-02  -0.545033357824D-04   0.668220347420D-04
 Mode:  155        542.304   0.104278764107D-02  -0.144594249942D-04   0.843921912094D-04
 Mode:  156        579.335  -0.105630637148D-02   0.879650464540D-04  -0.828662266081D-03
 Mode:  157        592.803   0.111084480075D-02   0.115522888048D-02  -0.343508777961D-02
 Mode:  158        595.666  -0.191895767177D-03   0.171547839817D-04  -0.889773774286D-03
 Mode:  159        668.925   0.110817998967D-02   0.746216792296D-04  -0.525908163912D-03
 Mode:  160        669.475  -0.662182195227D-04   0.554910257646D-03  -0.172921106985D-02
 Mode:  161        708.250  -0.206968297987D-03   0.314749018536D-04  -0.231447988329D-03
 Mode:  162        728.949  -0.270143770678D-03   0.800728006532D-03  -0.679814824126D-03
 Mode:  163        763.479  -0.852044152971D-04   0.682617704809D-03  -0.394511439773D-02
 Mode:  164        785.309   0.423751833778D-03   0.205481556741D-02  -0.188216869118D-02
 Mode:  165        787.941  -0.651171190607D-04   0.170463162668D-03  -0.236386104331D-02
 Mode:  166        795.506  -0.128469545708D-02   0.575483485083D-03  -0.174588924432D-03
 Mode:  167        804.444  -0.210540827590D-02   0.571113294125D-05  -0.374771486332D-02
 Mode:  168        816.727  -0.850042851378D-03   0.819549740665D-03   0.260313624340D-02
 Mode:  169        855.659  -0.106104996355D-03  -0.193987191438D-03  -0.364552163788D-02
 Mode:  170        890.726  -0.273169710879D-02   0.243265943302D-03   0.321817980750D-03
 Mode:  171        925.581   0.316976332480D-03  -0.386501544696D-03   0.720705831820D-03
 Mode:  172        940.262  -0.133952487131D-03   0.525516335588D-03  -0.622079068164D-04
 Mode:  173        961.132   0.156630886709D-02   0.465498692045D-03   0.553072202232D-03
 Mode:  174        964.243   0.319374486997D-03  -0.510470103642D-03   0.154611145613D-03
 Mode:  175       1026.870   0.539598419740D-03   0.169775315713D-03  -0.126225617042D-02
 Mode:  176       1052.128  -0.960420125087D-03   0.167999592706D-02  -0.101521317449D-02
 Mode:  177       1055.758   0.135273437928D-02   0.109993923068D-02  -0.122440916420D-02
 Mode:  178       1058.421   0.701811476957D-03  -0.872634896418D-03  -0.144749502335D-02
 Mode:  179       1084.570  -0.108466076321D-03  -0.453678618286D-03   0.128257626737D-03
 Mode:  180       1088.934  -0.365450480239D-03  -0.820850850846D-03  -0.107651529499D-03
 Mode:  181       1101.692   0.223634948812D-02   0.480649187696D-04   0.246404072291D-02
 Mode:  182       1103.912  -0.131969990242D-02  -0.543747012959D-04   0.951675030786D-03
 Mode:  183       1127.273   0.281242466813D-02   0.376139467945D-04  -0.166715564199D-02
 Mode:  184       1131.041   0.226970205383D-03   0.118359388020D-02  -0.597748365999D-02
 Mode:  185       1164.263   0.131766889850D-03   0.103508329560D-02  -0.383800404742D-02
 Mode:  186       1166.235   0.308674901201D-03   0.582100642881D-03  -0.259231858931D-02
 Mode:  187       1236.111  -0.367480880470D-02   0.280013596953D-03   0.390791643035D-03
 Mode:  188       1248.220   0.178883753855D-02  -0.137974956721D-02   0.988064102796D-03
 Mode:  189       1252.803   0.148425217102D-02   0.916386639060D-03  -0.120231659099D-02
 Mode:  190       1263.130  -0.283017433401D-03   0.123030486505D-02  -0.331970959451D-02
 Mode:  191       1289.886   0.347814805407D-03   0.697738413298D-03  -0.569905312372D-04
 Mode:  192       1337.233  -0.660778453246D-02   0.268564820486D-03   0.221234244540D-02
 Mode:  193       1353.474  -0.162255493350D-02   0.786009493260D-03  -0.278814928529D-02
 Mode:  194       1361.474  -0.182727227296D-02  -0.608298825251D-03   0.147258280859D-01
 Mode:  195       1368.514   0.792055490756D-04  -0.140756011475D-03  -0.453639618866D-02
 Mode:  196       1387.795   0.191041669199D-02   0.348461510458D-03  -0.637447964984D-03
 Mode:  197       1389.196   0.173815822056D-02  -0.132882239633D-02  -0.507386063260D-03
 Mode:  198       1400.882  -0.513305119476D-02   0.549190634839D-03   0.275812782087D-02
 Mode:  199       1407.864  -0.333412908996D-02  -0.211641883055D-03  -0.162352703349D-02
 Mode:  200       1409.869  -0.294494037752D-03   0.398538140072D-03   0.100843914193D-02
 Mode:  201       1417.678  -0.213527688580D-02   0.355832697785D-03   0.141712235663D-02
 Mode:  202       1421.803   0.229578299976D-02   0.978892002127D-03   0.403529023033D-02
 Mode:  203       1425.989   0.223159807787D-03   0.282577039559D-03   0.270446149528D-02
 Mode:  204       1427.475  -0.252292714212D-02  -0.644003462334D-03  -0.526400535796D-03
 Mode:  205       1434.696   0.160054995251D-02   0.438233607979D-03  -0.219803897499D-03
 Mode:  206       1437.956  -0.508065416935D-02   0.883848548270D-03   0.277097400820D-02
 Mode:  207       1444.614  -0.232936262066D-02  -0.327490690256D-03   0.675749379183D-03
 Mode:  208       1456.328   0.110037030240D-02   0.702129746105D-04  -0.555783695277D-02
 Mode:  209       1473.614  -0.217564416864D-03   0.438266576812D-03   0.139493606782D-03
 Mode:  210       1478.048   0.329407986656D-03  -0.523138355858D-03  -0.399843470256D-02
 Mode:  211       1489.234  -0.415519616688D-02   0.414137934995D-03   0.121696182124D-02
 Mode:  212       1500.141  -0.397203176917D-03  -0.470891774552D-03   0.309799877627D-02
 Mode:  213       1504.327  -0.630940637551D-02   0.977487953055D-03  -0.176115069673D-03
 Mode:  214       1525.453   0.801396396936D-03   0.225284061409D-02   0.699075703886D-02
 Mode:  215       1606.457  -0.111332364623D-01   0.832274347241D-03   0.277039137807D-02
 Mode:  216       1620.852   0.668293733882D-03   0.390624169254D-03  -0.149193872389D-01
 Mode:  217       2820.181   0.229348388529D-02   0.238930356106D-02  -0.230300820480D-02
 Mode:  218       2846.295   0.169862759655D-02   0.290335533348D-03  -0.181877744050D-02
 Mode:  219       2892.514   0.954559810564D-03  -0.194769264107D-02  -0.186185309054D-02
 Mode:  220       2909.368   0.456821532118D-02  -0.120246288776D-02   0.427647362227D-02
 Mode:  221       2970.477   0.282950088877D-02   0.860312701294D-03   0.319584117131D-02
 Mode:  222       2974.880  -0.320538247625D-02   0.129476335579D-02   0.574709732731D-02
 Mode:  223       2978.267  -0.262449595361D-02   0.499422286447D-03  -0.393885918147D-02
 Mode:  224       2989.394  -0.371222377798D-02  -0.483819814830D-03   0.420954232723D-02
 Mode:  225       3080.868  -0.198517797969D-03   0.240483218325D-03  -0.175152216136D-03
 Mode:  226       3081.199   0.180156982179D-03   0.215179688158D-04  -0.207259670426D-03
 Mode:  227       3088.783  -0.492546800145D-03  -0.141795451484D-03  -0.432423777555D-03
 Mode:  228       3089.507   0.124972446468D-02  -0.383324835895D-03  -0.734773221060D-03
 Mode:  229       3125.342  -0.804835470143D-04   0.100995502331D-03  -0.123396507037D-03
 Mode:  230       3128.604  -0.135107409664D-03  -0.271407293947D-04  -0.712282412753D-03
 Mode:  231       3129.778   0.686156340643D-04   0.172902611413D-03   0.352821703506D-04
 Mode:  232       3137.016  -0.337314111141D-03   0.489230583226D-05   0.627688127263D-03
 Mode:  233       3155.615  -0.492204294845D-03   0.591082121593D-05   0.472476531216D-03
 Mode:  234       3160.692   0.174825842905D-03  -0.197145398154D-03  -0.684940090885D-03
