$scfinstab dynpol    nm
785
$lastdiag
$rij
$rpacor    6400
$ricore    1600
$maxcor   6400 MiB  per_core
$uhf
$dft
 functional pbe
 gridsize m3
$uhfmo_beta   file=beta
$subtitle
SP,DFT+Disp/RI,charge 1,c1,def-SV(P),EX-STATE
$uhfmo_alpha   file=alpha
$scfiterlimit    300
$coord    file=coord
$jbas    file=auxbasis
$scfconv    6
$disp3    bj
$grad    file=gradient
$ecp    file=basis
$optimize
 internal off
 redundant off
 cartesian on
 global off
$symmetry    c1
$tmole
$basis    file=basis
$title    Raman_MB+_flach_obere Ag Schicht variabel
$atoms
s 60 \
   jbas = s def-SV(P)                     \
   basis = s def-SV(P)
ag 1-40 \
   jbas = ag def-SV(P)                     \
   basis = ag def-SV(P)                     \
   ecp = ag def-ecp
n 42,50,55 \
   jbas = n def-SV(P)                     \
   basis = n def-SV(P)
h 61-78 \
   jbas = h def-SV(P)                     \
   basis = h def-SV(P)
c 41,43-49,51-54,56-59 \
   jbas = c def-SV(P)                     \
   basis = c def-SV(P)
$marij
$scfdamp     start=0.700 step=0.050 min=0.100
$operating system    unix
$alpha shells
 a       1-455                                  ( 1 )
$beta shells
 a       1-455                                  ( 1 )
$thize     0.10000000E-04
$thime        5
$scfdump
$scfintunit
 unit=30       size=0        file=twoint
$scfdiis
$scforbitalshift  automatic=.1
$drvopt
   cartesian  on
   basis      off
   global     off
   hessian    on
   dipole     on
   nuclear polarizability
$interconversion  off
   qconv=1.d-7
   maxiter=25
$coordinateupdate
   dqmax=0.3
   interpolate  on
   statistics    5
$forceupdate
   ahlrichs numgeo=0  mingeo=3 maxgeo=4 modus=<g|dq> dynamic fail=0.3
   threig=0.005  reseig=0.005  thrbig=3.0  scale=1.00  damping=0.0
$forceinit on
   diag=default
$energy    file=energy
$forceapprox    file=forceapprox
$rundimensions
   natoms=78
   nbf(CAO)=1380
   nbf(AO)=1280
$last step     intense
$xctype GGA (not to be modified here)
$orbital_max_rnorm 0.10791194235906E-03
$last SCF energy change = -7061.8618
$subenergy  Etot         E1                  Ej                Ex                 Ec                 En                 Disp
-7061.861783263    -87012.42592086     43118.71111716    -664.8931371146    -38.95456376855     37536.12681789    -.4260965660780
$ssquare from ridft
         -0.000 (not to be modified here)
$charge from ridft
          1.000 (not to be modified here)
$dipole from force
  x     0.42207955960464    y     0.80110120246238    z     5.38450896755626    a.u.
   | dipole | =   13.8783318218  debye
$dipgrad    file=dipgrad
$hessian (projected)    file=hessian
$vibrational normal modes    file=vib_normal_modes
$vibrational reduced masses
  14.1860184207  25.3046922142  46.0079118944  21.8488710760  55.7428718518
  60.0121781102  44.4785987217  42.6439554589  49.9636533706  56.8793220085
  44.9419422652  12.1526887773  23.6800982376  18.5925076578  10.6455707030
  76.6707207007  56.5744543311  73.4369038385  84.7933579684  79.4815314020
  73.8718488531  71.8828303036  71.7184396827  77.9612693569  77.3685787452
  96.1950221850  89.5429616799  82.6434221384  69.2878521635  89.2116903366
 103.2976605544  83.8520812753  60.8982205214  95.3411546380  75.9903933268
  78.7625641990  58.1022120641  69.5555145880  60.6247003380  45.4171121152
  46.7373546430   9.9606253823  64.1419365257  69.1131849262  55.4817428323
  57.0533900658  49.0491961346  53.0267667064  14.1017416370   9.3476306973
  39.7155640888  44.4302391019  53.8843933206  71.4072317697  53.8073610011
  40.2720146439  55.5968238533  60.9806067334  28.6075580692  61.6722821504
  49.6262169187  37.2734626747  19.6102600268  46.8102066309  51.9205639309
  29.8500607432  71.3448149433  27.0076232374  94.5448038906  40.8749363247
  62.0458962090  69.6265929176  48.3844950853  24.6757442909  70.7973237545
  93.6574863590  11.0643836845   8.9405868816  31.1600084482  40.8018079497
  39.9748586189  56.7262400199  15.7588276674  22.3709394580  21.2461887913
  29.0099462241  45.4610275318  26.5756764904  10.0346912376  15.9680758669
  28.5984162879   6.8785383311  38.7199556777   5.2017692763  40.4717475847
  11.6969435198   5.5982784356  59.7395608017  45.4227380296  52.0894077323
  33.1312542681  94.3618925514  86.0413226268  68.6067553928  89.6037220725
  55.5346435778  36.6181159528  20.8382715688  74.2655962021   7.2416518325
  70.0352404451  45.7149152047   5.6903835196  14.2556254098   9.6162464599
  24.6387572306   7.5186206790  11.9568011444   4.0023039654   2.8588619333
  35.5493666726  54.8155055944  58.6509438801  58.2149104199  39.7524292206
  20.8484672433   1.6579223624  21.6504476009  68.5329048794  87.5628711142
  43.5558579376  32.4741703124  94.1846056471   3.1179543591   9.3447254252
  94.2769340865   3.9680289019   1.4359241569   1.5155033684   5.0773143846
   3.0139429739   3.0156044818   3.0864414478   3.7851256261   3.9435516316
   4.8336498387   5.5114826685   3.9165055907   3.7115829415   5.9065588765
   5.5543484316   3.6823877382   4.4896553497   3.8803030615   3.6929900470
   3.4882308543   3.3264502884   3.6291311236   6.6570482623   6.7820887916
   3.6210109537   4.4556174525   6.4966031394   1.4856227671   1.6078895328
   3.6285962308   1.7676717484   1.5983346222   6.0872243503   7.0929670714
   1.2938249515   1.3110125266   2.5454202487   2.4939344509   3.3261954518
   1.6047732643   1.4967586792   2.7612286541   1.2554518780   1.2507546399
   1.3508488748   1.3631976163   1.3522351491   1.2647785929   1.6899821561
   1.6971525667   1.6998187595   2.7719310520   2.8018366153   1.8843112100
   2.6463373354   2.2550353077   2.9236777299   3.3640932570   3.3956351084
   1.1751481703   1.1602795381   1.5419756636   1.0500299866   1.0637126325
   1.2097969794   1.0693541930   1.1110217119   1.3546859611   1.2234782456
   1.6784212825   1.6370404550   1.3049647467   2.4274613998   3.1453019249
   5.2787836805   5.5821149810   3.7031879006   3.7618249952   5.6782717104
   6.4277478364   1.0627530839   1.0615521244   1.0463156863   1.0436792633
   1.0995454494   1.0816290054   1.1040652766   1.0841298568   1.0994027010
   1.1002771941   1.0969666568   1.0978534102   1.0903247769   1.0904171181
   1.0899364812   1.0901956820   1.0928776947   1.0923671097
$nvibro      234
$vibrational spectrum    file=vibspectrum
$polgrad
# cartesian derivatives of electronic polarizability
    xx component
  -.47147300204928D+03  -.55767133680445D+03  0.47208052383179D+03
  -.27332080526945D+03  -.61107135946817D+03  -.43452517698087D+03
  0.12541455818105D+03  -.21533481393064D+03  -.16873792870267D+03
  0.13654330329950D+03  -.31212754834614D+03  -.13886223961716D+03
  0.45612762503629D+03  -.77627758795148D+02  0.47321968870882D+03
  -.71901493423166D+03  0.22519746251035D+03  -.57397358545432D+03
  0.14479767679811D+03  0.19203997893779D+03  -.38649751663549D+03
  -.55382174430431D+02  -.13958275902260D+03  -.87869162672289D+02
  0.24191410506473D+03  -.14148879750973D+03  -.33667648217637D+03
  -.58700984611594D+03  -.60267986043467D+03  -.46439395598599D+03
  -.61667359963843D+02  0.13543929756069D+03  0.19309958670795D+03
  -.10191961629456D+03  0.16997299549467D+02  -.33609186770574D+03
  -.22851741558384D+03  0.29236381047018D+03  -.18787678332481D+03
  0.65366603296341D+02  0.55393867250873D+02  -.10451726922161D+03
  0.63429494977451D+03  0.48560338858227D+03  -.78777729259243D+03
  -.47792428495377D+03  0.50820389617776D+03  -.27562735977984D+03
  0.18289581745267D+03  -.10988312352292D+03  -.36034463185901D+03
  -.49077371736979D+02  0.40565054893810D+02  -.26707419962571D+03
  -.16372002055322D+02  -.24235137268057D+03  0.10782326642100D+03
  0.52222649574719D+03  0.63658012418552D+03  0.95852269871154D+03
  0.59001664793997D+02  0.22752994722225D+03  0.46999639768336D+03
  -.80192276447805D+03  0.84202942178033D+02  -.19720872114341D+03
  0.71450264982189D+03  0.42432613057105D+03  -.17325018284748D+03
  0.36600948828923D+03  0.80154008687748D+01  0.56681686058620D+03
  0.16461315323510D+06  -.22001912576211D+05  -.29516876141295D+06
  -.10627048830547D+06  0.55398968190023D+06  -.23875739169566D+06
  -.72493220530000D+05  0.59972061293723D+06  0.79285966043567D+06
  -.26860264058232D+06  0.25824882512909D+06  -.41296342858114D+06
  0.85986364151452D+05  -.41355102120984D+06  -.23167636691418D+06
  0.15139898777417D+07  -.45594650659392D+06  0.43647857951039D+06
  -.37141624371453D+05  -.20038137641166D+06  -.53218304989629D+06
  0.24972176734218D+06  0.34221896598299D+06  0.66947989589319D+06
  0.13199943881022D+06  0.13204203404372D+06  0.11192249421533D+07
  -.39386341201375D+06  0.34806186989872D+06  -.68957990779601D+06
  -.40800530141894D+06  -.38966566157922D+06  0.16749953233241D+06
  -.33496176267043D+06  -.16153947275469D+06  -.50668105888312D+06
  0.47473887719329D+05  0.80797404192552D+05  -.57136051984108D+06
  0.12712268839325D+06  -.14166835478755D+06  0.73047295886703D+06
  0.28146290365414D+06  0.73554011753235D+06  -.26751257468204D+06
  0.49487753560739D+05  0.27783762275145D+06  -.69986317273217D+05
  -.73058801205096D+02  -.12149237050040D+02  0.16251248887585D+02
  -.52416265958615D+02  -.25057871077466D+03  -.52506031349687D+03
  -.20077361221581D+01  0.64352713489903D+03  -.24249408765569D+03
  0.25204307080538D+03  -.47691148133950D+03  0.51858112678628D+03
  -.32071213902895D+03  0.90401979247608D+02  0.25963788426447D+03
  0.13503007601738D+03  -.27146205020010D+03  -.13384859690385D+03
  0.10668398624495D+03  0.13237333529411D+03  -.51361428649192D+03
  -.10378460324057D+03  -.40232407805310D+03  -.62653888894433D+03
  -.50653957537219D+03  0.42140831275800D+03  0.10785135908200D+03
  -.13480165898857D+03  -.51766548211695D+03  -.16742134032844D+03
  0.55222868838189D+03  0.46156140005847D+03  0.33767976379281D+03
  -.62672606176530D+03  -.18794119959581D+03  0.60306191984559D+02
  0.35988909449122D+03  0.42374189908126D+03  -.93108688290809D+02
  -.38190969093885D+03  -.61223150775069D+02  0.23400924211878D+03
  0.13981005244882D+03  0.13106557598346D+03  -.19780082887084D+03
  0.19809927252699D+03  -.95414156505821D+02  -.72647550156437D+02
  0.17704404064273D+03  0.27678574447548D+02  0.25429655754050D+02
  0.23091163385010D+03  0.18642183350577D+01  -.12114238185443D+03
  -.10022852077750D+03  -.48391082720366D+03  -.16481502334597D+03
  0.14913325879597D+03  0.75705568717543D+03  -.31346595740377D+03
  -.15171206126667D+02  -.20377416041096D+02  0.67725346539391D+02
  0.29069537803595D+02  -.37349735686964D+02  -.91824231854217D+00
  0.14876364127910D+01  -.63978032702152D+01  -.12903130291812D+02
  0.10427247828283D+02  0.93191015058595D+01  0.81936676731163D+01
  -.56618620258187D+02  -.33351510542717D+02  0.91210864061924D+02
  -.12701899205818D+03  -.59940645121868D+02  0.30310811001557D+03
  0.40706493281846D+01  0.43631834187167D+02  -.99578652833049D+02
  0.33977664010797D+02  -.51674646061676D+01  0.67951366911109D+02
  -.10222016719974D+02  -.14430638634134D+02  0.62201738981561D+02
  0.22823389949756D+02  -.10367292386891D+02  -.40594473811787D+02
  0.22705745978065D+02  -.75669885613334D+02  -.38728686854169D+02
  -.35010227913047D+02  0.94513141786856D+01  0.40339125233871D+02
  -.92429074502531D+01  -.25696151740027D+02  -.52768970408994D+02
  0.55170397742645D+02  0.68746345595803D+02  0.13780534725732D+03
  -.22383913314884D+02  0.25237191137290D+02  -.69810350357861D+02
  -.69398967551512D+02  -.48248140549942D+02  0.73303622978306D+01
  0.45805777106563D+01  -.83086672801488D+00  -.26061796656236D+02
  -.55176573442620D+01  0.27091408162054D+02  0.43524219635610D+02
    yy component
  -.12517908188613D+03  -.37743330108676D+02  0.18655339213513D+02
  0.15148500340054D+03  -.42525611705378D+03  0.83097912709305D+02
  -.33304418070459D+03  -.17797032903533D+03  -.10164061955054D+03
  0.97340444768421D+02  -.46246918167677D+02  -.14717082174135D+03
  0.23386005967601D+03  -.30272961194558D+02  0.20759976855172D+03
  -.25351174199557D+03  0.28825774970191D+03  -.13821282166548D+03
  0.14079370203599D+03  -.51253230658669D+02  0.23866012442663D+02
  0.18120111689006D+03  0.18048606088496D+03  0.80214530345069D+02
  -.89107954214249D+02  0.17659159306036D+03  0.24794261690953D+02
  -.16385514484331D+03  -.58005284324866D+02  0.17800793077616D+03
  -.30344567074318D+03  -.69880115472093D+01  0.16105185029700D+02
  0.13586772942969D+03  0.41764618393989D+02  0.10971853745181D+03
  -.20283665232671D+03  -.17423806330041D+03  -.13950731679117D+02
  0.27838470226232D+03  -.35682349436898D+03  0.67486216187886D+02
  0.61129307140708D+02  0.20008363402008D+03  -.46640446235373D+02
  -.13928780937483D+03  0.19487096926632D+03  0.66026293775429D+02
  0.15221104350901D+02  -.23932950092066D+03  -.81031337502982D+02
  -.81878140989460D+02  0.36589169839281D+03  0.28755778949624D+02
  0.12701422738068D+03  0.67267674928419D+02  0.15488179198265D+03
  0.13167963569551D+03  -.21104073058696D+03  -.28549904348967D+02
  -.15726405731332D+03  0.91063830550160D+02  0.13988088277273D+03
  0.62074918484997D+02  -.11867512859850D+03  0.13996276910588D+03
  0.28449488062206D+03  -.68416557699783D+02  -.17446047334664D+02
  -.11989900076700D+03  0.38063694467089D+03  0.11423078656857D+03
  -.59838878098672D+05  -.91149197528919D+05  -.12506376783845D+05
  0.80720135443979D+05  0.27048658302879D+05  0.21729040505936D+06
  -.93904389333742D+05  -.30795241783338D+06  0.25886407801153D+06
  0.53637890927584D+05  -.34549331879185D+04  -.19007245319408D+05
  0.60579742624797D+04  0.17486528716348D+06  0.33405755815477D+06
  -.39235956398025D+05  0.16236431458576D+06  0.14094443953648D+06
  0.24426609422546D+05  0.11174498510043D+07  0.29623036062211D+04
  -.13067957716560D+04  0.21434117284986D+06  -.22832093507484D+05
  0.53122503280171D+05  -.23115844996070D+06  0.20494008305365D+06
  0.46868868837623D+06  -.79727239644380D+06  -.24126970106635D+06
  -.67608850544792D+06  -.41724286359580D+06  0.87289556677096D+05
  0.19399636337618D+05  -.29818177573435D+06  0.27260359653076D+05
  0.76150453925122D+05  0.15951339922342D+06  0.45074445172599D+05
  0.60755011404965D+05  0.11296739265244D+06  -.51126238722314D+05
  -.50495292772782D+05  0.15613623853370D+06  -.22430753734516D+06
  0.35473284284246D+05  0.77986622802110D+05  -.12743033746990D+06
  -.86453266666383D+02  -.33200959300590D+02  -.37922292482707D+02
  -.31693783050363D+03  0.33072578158028D+03  0.44327160357699D+02
  -.13088706065796D+03  -.18432930784704D+03  0.12138678780987D+03
  0.27625977592597D+03  -.37656300533464D+03  -.35442269513245D+02
  -.69555023463812D+01  0.43110604574213D+02  -.64966847190596D+02
  -.10302659067883D+03  -.42591598977133D+03  0.14611359061429D+02
  -.54613791936382D+03  0.41950763023221D+03  0.18292945098581D+03
  0.33773616858925D+03  0.75631979685222D+01  0.35945299282433D+02
  -.29528752724675D+03  0.24445032321527D+03  -.72226782292387D+02
  0.13483690788746D+02  -.59998198378150D+03  -.33423174783365D+03
  0.55128588830188D+03  0.14531953843444D+03  0.69146317453193D+02
  -.40347143759953D+03  -.17057534933327D+02  -.12494598884319D+02
  0.34958417076536D+03  0.43951668032577D+03  0.40662972117031D+02
  -.53505873161924D+03  -.54388438332577D+03  0.51947500618930D+02
  0.43308310329837D+03  0.22934553140466D+03  0.15486988445887D+03
  0.81233301771273D+01  0.16138903107131D+03  -.33886125042795D+02
  0.15143401159271D+03  -.92320934849317D+02  0.29497998242254D+02
  0.79775469507659D+02  -.63526793830781D+02  0.11776241048590D+03
  0.18228674092962D+03  -.21168447181001D+03  -.34037465337431D+02
  -.18666241017898D+02  0.49931561412663D+03  0.13977232550845D+02
  0.27486540805054D+02  0.54923818570169D+02  0.77475321979460D+02
  0.37391220070042D+02  -.14908239196279D+01  0.30872927002695D+02
  0.20915106204399D+01  -.36589840915104D+01  -.18335604424979D+02
  0.58539685866537D+01  -.10502466092597D+01  -.10894266009105D+02
  0.36881218665134D+02  -.74083188707475D+00  -.25368512579738D+02
  0.28404681692459D+02  0.13817993292767D+02  -.15572858523854D+03
  0.11526645037870D+02  0.23821250573025D+02  0.69613341275173D+01
  -.59096629900536D+01  -.62587157430132D+01  -.76391430379546D+01
  -.15092355099255D+02  -.18218355875252D+02  0.22760091119905D+02
  0.44008480175111D+01  0.62075805327678D+01  -.16543160943851D+02
  0.34149512769533D+00  -.17853794980651D+02  -.32742418854193D+01
  -.37190772132322D+02  0.11051159301641D+02  0.19580029672390D+01
  -.42652865507527D+01  0.30795482915439D+01  -.70155681704172D+01
  -.31165456608414D+02  0.99543557809011D+01  -.27656779224125D+02
  -.11457131125814D+02  0.26597969725931D+01  -.68612464245875D+01
  -.50897947887907D+01  -.12208409492919D+02  -.13549994787289D+02
  -.37396731105407D+01  0.50129924402946D+01  -.36262450535966D+02
  -.19019257776044D+02  0.39297879143421D+02  -.35492166231896D+02
    zz component
  0.11704988614167D+02  -.21822917491083D+02  0.35563217557085D+02
  -.67466198280134D+02  -.17454450233300D+03  -.24248656047494D+02
  0.10627451237971D+01  -.95771908904655D+02  -.27568496934331D+02
  -.30546509018316D+02  0.53312475558687D+01  0.19489544014080D+02
  0.44855585239871D+02  0.34512402852223D+01  0.85121483985522D+02
  -.12109770060276D+03  0.42047340494999D+02  -.99600505614963D+01
  0.53966781001435D+02  0.65977757996342D+02  0.99873672734750D-01
  0.61684261257800D+02  0.11242135407044D+02  -.17283092749353D+02
  -.56508677451509D+02  0.35983986056107D+02  0.11091225398057D+02
  -.87104053348154D+02  -.41675446947495D+01  -.46510386001299D+02
  -.82230288658613D+02  0.10294802440278D+02  -.87040272272484D+02
  0.53233269502634D+02  0.27867758937788D+02  0.52307923471393D+02
  -.60574355168944D+01  0.57138689586343D+02  0.19433466563957D+02
  -.22119003866078D+01  -.12805776334476D+03  -.31255110248513D+02
  0.36461224305108D+02  0.98678532139361D+02  -.13549546219524D+03
  -.11200286530072D+01  -.37036039658794D+01  -.11689625634722D+02
  0.15903401101669D+02  -.83717430434407D+02  -.41448877540594D+02
  -.12999270873463D+03  0.43462178842635D+02  -.52353087309168D+02
  0.68480486517582D+02  0.32571855841069D+02  0.55115842999922D+02
  0.13089992703897D+03  -.27135918245824D+02  0.78854372344802D+02
  -.64849272453811D+01  0.45871714124547D+01  0.26825311678650D+02
  0.21852244462086D+02  0.50368661207626D+01  0.17136235866676D+02
  0.70483624812372D+02  0.70323194078503D+02  0.24429602586930D+02
  -.25531332298659D+02  0.73914883994619D+02  0.52076606306650D+02
  -.24749927346402D+05  -.77993749448298D+04  -.60838586298679D+05
  0.64806086381455D+05  -.10987461457806D+05  -.35397125259037D+05
  -.10709185480251D+05  0.13515858810980D+06  0.82858017897436D+05
  0.12686168327365D+04  -.24714282436820D+05  0.62240863314700D+04
  -.16826839023701D+05  0.41995905630969D+05  -.32855030473892D+05
  0.32505791683124D+05  -.94166872017430D+05  -.10707930996584D+06
  -.15972847390564D+06  0.17842527535059D+05  -.99317181247897D+05
  0.47609320064916D+05  0.67725682329811D+05  0.76570012585353D+05
  0.34745975238392D+05  -.26921060345024D+04  0.90540461678563D+05
  0.17453991749400D+06  -.48388529276453D+05  -.37929890388692D+05
  0.23006523529759D+05  0.33343977932742D+05  0.14340167715186D+06
  -.92609069139222D+05  -.27686723589647D+05  -.15267777050660D+05
  -.42937244870371D+05  0.32325414449121D+05  -.41053698786925D+04
  0.10390394917122D+06  -.49603346702294D+05  0.65365275749603D+05
  -.11174347792387D+06  0.84651976323936D+05  -.90284229360214D+05
  0.18525763774766D+05  0.39169247859193D+05  -.11278081605317D+06
  -.81740940463159D+00  0.22612891354007D+02  0.65678311071420D+00
  -.78247690455629D+02  0.46195441747823D+02  -.27454123311021D+01
  -.18296732829819D+02  -.21673818135131D+02  -.14498799988834D+02
  0.68003099730690D+02  -.70491247588569D+02  -.81724301393027D+01
  -.86929350490552D+02  0.53926259420007D+02  -.65601958038261D+02
  0.85725057080176D+02  -.16231054900317D+03  0.14374503916202D+03
  -.23888219077922D+03  0.12622677073068D+03  0.54595421139622D+02
  0.18701137599445D+03  0.40397117123935D+01  0.31665050214048D+02
  -.11558840496071D+03  0.70835557436617D+02  -.28315139732134D+02
  0.97042307539797D+02  -.13713548417788D+03  -.13126166756145D+03
  0.68981361187237D+02  0.49214396225294D+02  0.14162449843646D+02
  -.86593686073931D+02  -.17956058940992D+02  0.22117802525236D+01
  0.93606212192191D+02  0.11162615556551D+03  -.23791263954847D+02
  -.15757155755447D+03  -.14683263558486D+03  0.16739554213296D+02
  0.13135881899272D+03  0.89131746172132D+02  0.56212617641636D+02
  -.24900244942687D+01  0.76963390006682D+02  -.15373455462052D+02
  0.70501621701813D+02  -.66202774733040D+02  0.31226904803106D+02
  0.17202698537289D+02  -.64248249040637D+01  0.80836820903730D+02
  0.42066167478560D+02  -.89110727369596D+02  0.20546081715119D+02
  -.34660993745599D+02  0.47587128721581D+02  -.12274019541758D+03
  0.42990787883128D+01  -.63522589333348D+01  -.52211263885475D+01
  0.52340481213192D+01  -.12372634646357D+02  0.16805214419410D+02
  -.41691267092533D+01  0.38535424721281D+00  -.37617545320349D+00
  -.45796576056488D+00  0.19839669270123D+01  -.14757282223601D+01
  0.10364712748504D+02  0.88085539838399D+01  0.70762452221760D+01
  0.25028901810554D+01  0.26656050355276D+01  -.39963432877997D-01
  0.23301414939844D+01  0.45602106437915D+01  0.10382538494820D+02
  0.24416645576154D+01  0.14242798014114D+01  0.47122867112803D+01
  -.74504877874408D+01  -.87988732912938D+00  0.10488568608674D+02
  -.69644254368560D+00  0.13736457959361D+00  -.31058337386927D+01
  0.29005455910763D+01  -.64899795738697D+01  0.75678675845698D+01
  -.12900389103816D+02  -.97921725310429D+01  0.17422541657604D+02
  -.11685835224818D+00  -.49182793895765D+00  -.77231656175049D+01
  -.42432574529828D+01  -.58171933403735D+01  -.13233300556871D+02
  -.26708630151895D+01  0.24905539094326D+01  -.89371655642530D+01
  -.11402618103227D+02  -.13537805573525D+01  0.21579356613190D+01
  -.85231163016485D+01  0.14927045824082D+02  -.46090805834249D+02
  -.39445422211930D+01  0.14329644992051D+02  -.15844240142219D+02
    xy component
  -.35694718239251D+02  -.72695215675903D+02  0.11664022946995D+03
  -.13900659706812D+03  -.19589251030188D+03  -.10946958307777D+03
  0.81027871189030D+02  -.17157871256107D+03  -.52792473952430D+02
  -.99669949829213D+02  -.90731688691789D+01  0.16656252446666D+03
  -.18748573927132D+02  0.23427115242693D+02  0.67846419600736D+02
  -.17694741278519D+03  0.87324131595858D+01  -.76931561324789D+02
  0.97483067085732D+02  0.80860123409820D+02  -.11895467386822D+03
  0.35526261218428D+02  -.16171760813422D+02  0.45087314745209D+02
  -.12907375089988D+03  -.21450779794346D+01  -.11787485332855D+03
  0.66549692941504D+02  -.72723537096221D+02  -.78537604291964D+02
  -.41761719149767D+02  0.34761608849194D+02  -.41713428375157D+02
  0.38198645075182D+02  0.87433625153452D+02  -.79331985521127D+01
  0.92811451905271D+02  0.87617909456698D+02  -.10408711272800D+03
  -.25614548899033D+03  0.43613844291833D+01  -.17347164415365D+03
  0.28736503429513D+03  0.13474208580323D+02  -.35897857649755D+03
  -.68047070327935D+02  0.31289698647845D+02  0.83807870273060D+02
  -.21698685065139D+02  -.14624688980314D+03  -.11111926920493D+03
  -.18268241848868D+03  -.16723945245776D+03  -.20697635827114D+03
  0.22345342845470D+03  0.41446660481116D+02  -.51965819755764D+02
  0.67753527852779D+02  0.10835665452740D+03  0.37254378132058D+03
  -.31332799821943D+02  -.40974335725731D+02  0.47326000782461D+02
  -.76942203049990D+01  0.13413707594616D+03  -.15771089835046D+03
  0.77776491277765D+02  0.26832704117098D+03  -.26367153225481D+03
  0.46448135816007D+02  0.29188702356801D+02  0.29539812559240D+03
  -.14907085872962D+05  -.49671221479132D+05  -.16265749426372D+06
  -.13803408790885D+04  0.17715140624875D+06  -.15915445095619D+06
  0.22153175479333D+06  0.16470370671894D+06  0.53234191776794D+05
  -.21562385345752D+06  0.90934928946761D+04  -.28175712053996D+05
  0.65192806139430D+05  -.20714893069000D+06  -.10922112236609D+06
  0.25908042405556D+06  -.11250856056198D+06  0.26183943758357D+06
  0.10845720181009D+06  -.16306468096771D+06  -.38396567306574D+06
  0.53281500110580D+05  0.78267767238259D+05  0.21097619724775D+06
  0.17381035556115D+06  0.15495217399670D+06  0.37662943988782D+06
  -.35065622051204D+06  0.28574943298261D+06  -.40927706756720D+06
  0.34316950704690D+05  -.15351313127960D+06  0.99163235816306D+05
  0.24308481543740D+05  0.28489655557647D+05  -.17894512526796D+06
  -.99888178320747D+04  -.12926854157906D+06  0.10046180820939D+06
  -.85547974331041D+05  -.78734524662844D+05  0.27045310151472D+06
  0.19627702200456D+06  0.24287001713092D+06  -.33067118100608D+06
  -.12493032922089D+06  0.99934239729792D+05  -.59195054598661D+05
  0.18914529248855D+01  0.67173294083169D+02  0.44671619851940D+02
  -.10519482532491D+03  -.65787520827079D+02  -.70076284022809D+02
  -.10541905300105D+02  0.14690879184789D+03  -.89984936339202D+02
  0.16310242732788D+03  -.99953274434992D+02  0.43321097202205D+02
  -.67846653518813D+02  -.94457600014544D+01  0.12948070330976D+03
  0.80037069558181D+01  0.17268802953882D+03  -.16154675760268D+03
  0.23004681389654D+03  -.15273606969354D+03  -.12894442158931D+03
  -.17128720138628D+03  -.84290554208611D+02  -.72250906263226D+02
  0.46593016063133D+01  0.37226015734843D+02  0.62835798238485D+02
  -.17678694429789D+03  -.11087923266281D+03  0.11201401831680D+03
  0.16581528127449D+03  0.11697634538055D+03  0.50650832681175D+02
  -.16400601500938D+03  -.24270237629568D+02  0.52262571715750D+02
  0.87520879531756D+02  0.40858982030432D+02  -.33472243679062D+02
  -.27359037692491D+03  -.61820040031365D+02  -.79473202152832D+02
  0.14835398555663D+03  0.46874899358441D+02  -.86941756559435D+02
  0.89762085801887D+02  -.52251354265844D+01  -.24743795424427D+02
  0.52826929032541D+02  0.85354499638683D+02  0.37364715791836D+01
  0.22123191069885D+02  -.21514699605872D+02  0.25641242554173D+02
  -.33260530421274D+02  -.86130496402611D+02  0.12604878877252D+03
  0.70618965232394D+02  0.59743956666769D+02  -.75354188530448D+02
  0.82618673566137D+01  -.30111873063912D+02  -.39297068514558D+02
  0.78379512579777D+01  -.15156522785147D+02  -.95076228535632D+01
  0.56557216207862D+01  0.80453953426424D+00  0.21750231661694D+01
  0.54375971356087D+01  -.37159052604116D+01  0.66702684938907D+01
  -.61008096123162D+01  -.12461789268998D+02  0.26773519937853D+02
  -.32242810125059D+02  -.16666147715058D+02  0.88503492231151D+02
  0.58649940979269D+01  0.66754808207182D+01  -.20440564968922D+02
  0.73554842459207D+01  0.60455592579482D+01  -.17115873559571D+01
  0.22879047430923D+01  -.11922409601636D+01  0.18552443300915D+01
  -.53520650092891D+00  0.54507879148420D+01  -.15254182052931D+02
  0.15657608082822D+01  -.56846193892512D+01  0.28326919135103D+01
  -.29239113813711D+02  0.33672576114880D+01  0.59549172326234D+01
  -.10431667446130D+02  -.10438300158291D+01  -.97409949620343D+01
  -.88978722140443D+01  0.90332363736820D+01  0.34447166532673D+02
  -.12464624847424D+02  0.81544055450356D+01  -.31371586609937D+02
  -.23063694704648D+02  -.30261795246177D+02  0.83898223567438D+01
  0.22487655263488D+02  -.10957657430903D+02  0.40892576619715D+02
  0.38444998613542D+01  -.46179516256008D+01  0.12858265236289D+02
    xz component
  -.81891174306355D+02  0.10954699671246D+03  -.54160309279322D+02
  0.12779280561402D+03  0.17969301791004D+03  0.56744490573564D+02
  -.84154611515853D+02  0.54093008587446D+02  0.45917162748518D+02
  0.28196501392163D+02  0.32564739730641D+02  -.59735389268007D+01
  0.72736209452974D+02  0.16047755614814D+02  -.37119703382718D+02
  0.17769163958618D+03  -.75315539407665D+02  0.56918682735078D+02
  -.97540256537637D+02  -.88928963985046D+02  0.62507996290639D+02
  -.22095999516436D+02  -.96713726645054D+02  -.21276532943199D+02
  0.24848913010861D+02  -.51014704575082D+02  0.18346752755097D+02
  0.10434741442336D+03  -.93350489537491D+02  0.12800793080057D+03
  0.36105977115036D+02  0.41742830015142D+02  -.33570781633523D+01
  -.66578500923703D+02  -.11914772635432D+02  0.38879676385644D+02
  -.71785934091444D+01  -.45197598546011D+02  0.30073384839391D+02
  0.82212226139279D+02  0.11208908710836D+03  0.62303326589547D+02
  -.10481856528484D+03  -.75301346173103D+02  0.25522161745322D+03
  -.86192972865921D+01  -.67512807028096D+02  0.34702724746112D+02
  -.73318418337596D+02  0.11670333468724D+03  0.12193562995971D+03
  0.16046880728516D+03  0.92624183143296D+01  0.17222524400885D+03
  -.67330703402401D+02  0.23480458931223D+02  0.28474435723306D+02
  -.16715176057279D+03  -.48062127098507D+02  -.25715493034844D+03
  0.14404758743867D+02  0.16164652274965D+02  -.18948447969824D+02
  0.58506186335448D+02  -.73970126693835D+02  0.17861757221072D+02
  -.12037684027042D+03  -.84215042744002D+02  -.37925709355034D+02
  0.84216143107887D+02  -.33383830893619D+02  0.42063454081261D+01
  -.96344887654561D+05  0.20221280239752D+05  0.10398178141703D+05
  0.41009013153271D+05  -.15716492524205D+06  0.10766764144639D+06
  -.25226860097686D+04  -.26538284805088D+06  -.18979197813884D+06
  -.27290756276784D+05  0.28674529566904D+05  0.69670533934783D+05
  0.11328422308114D+06  0.10457672957308D+06  0.43699948489216D+04
  -.16036888069044D+06  0.35159771031049D+06  -.79516370875438D+05
  0.27839747551551D+06  0.21855441363617D+06  0.11850863094851D+05
  -.25928267318836D+06  -.95645217229033D+05  -.88495387001557D+04
  -.10102285986606D+06  -.16492309164326D+06  -.29634323901809D+06
  -.99166270834276D+05  -.25494716162295D+06  -.20233522594568D+04
  -.10123080642652D+06  -.38590821992815D+05  -.20308861935218D+06
  0.27904243239248D+06  0.99911784298379D+05  0.17514624437461D+06
  -.38976716240465D+05  0.92453224984669D+05  0.38081867218160D+05
  0.93706600927581D+05  0.10903421646222D+06  -.53578896185054D+05
  -.53600632689414D+05  -.25919285096949D+06  0.16709104903323D+06
  -.10013898390167D+06  -.12760901637517D+06  0.97494427693342D+05
  0.15475164057582D+02  -.37098228440811D+02  -.36344482996505D+02
  0.12716515792009D+02  0.21077701741134D+02  0.16002780546222D+02
  0.28905730999127D+02  -.23911649591335D+02  0.21939290727817D+01
  -.11377012043868D+03  0.26690691541438D+02  -.59440146620422D+02
  0.14565900088615D+03  -.46972824663216D+02  0.54339885107385D+02
  -.20271733224240D+03  -.20959566564028D+03  0.47780973146124D+02
  -.22424697166370D+03  0.91232483926573D+02  0.11707660399834D+03
  0.19158427748361D+03  0.15430018353083D+03  0.13863336406761D+03
  -.21036281144078D+00  -.81083229142509D+01  -.12265134516334D+03
  0.24077164702104D+03  0.62788606970307D+02  -.36317357751122D+02
  -.25317320242825D+03  -.15303122341062D+03  -.51484439770732D+02
  0.97664024774565D+02  0.12600696382022D+02  -.10552007118201D+03
  -.33858097015835D+02  0.21349270928951D+02  0.42650551034627D+01
  0.18405212055541D+03  0.42983731247827D+02  0.16719744996450D+02
  -.25632049465594D+02  0.37945199922843D+02  0.32538120050241D+02
  -.64711774188672D+02  -.22310038419747D+02  -.13086469594770D+01
  -.34708332674143D+02  -.12053435849415D+03  0.19355180896757D+02
  -.71528949630958D+02  -.21335725611297D+02  0.21693693953907D+02
  0.16856083106374D+03  0.21802261415827D+02  -.41627757984731D+01
  -.23525578698646D+02  -.43093780299505D+00  -.18910076723849D+03
  0.25759307590659D+01  0.15945568961381D+02  0.40703226980920D+02
  -.73223552326506D+01  -.11951798982569D+01  0.33074691314476D+01
  0.31960575758057D+01  -.14815451912490D+01  -.10620338912068D+01
  0.92115135804041D+00  -.37521998927811D+00  -.18781664497726D+01
  0.78995698093281D+00  0.11368951891736D+02  0.46710086062805D+01
  0.37724050015237D+00  0.65324661070701D+01  0.90686854154947D+01
  -.12433119825015D+02  0.72192695327008D+01  -.18274892076483D+02
  -.41812022701500D+01  -.11572081835177D+02  -.13226625285570D+02
  -.95896652823556D+00  0.44618459551498D+01  -.52969931556955D+01
  -.21585773463189D+01  -.47773689363173D+01  0.17817861736192D+02
  0.18632359489707D+01  0.32405591701862D+01  -.71934410872450D+01
  0.31620851862628D+02  -.97406035241712D+01  0.56840730533723D+01
  0.12559926780375D+02  0.28136087162396D+01  0.16277235627964D+02
  0.12324657152848D+02  -.14836417956652D+02  -.10035804105460D+02
  0.88528319520691D+01  0.49232323986963D+01  0.25465807048280D+02
  0.11073801870000D+02  0.37725354062866D+02  -.16094294205724D+02
  -.26983520988719D+02  0.48114657122652D+02  -.63960766142210D+02
  0.45217571943062D+01  0.82731157102030D+01  -.13819909977419D+02
    yz component
  0.66145538343804D+01  0.41919754242711D+00  -.94093251117869D+01
  -.60201451394404D+01  0.12633370918110D+03  0.37206832853536D+01
  0.39871173639054D+02  0.89770998356926D+02  -.29164465019890D+02
  0.19800546151979D+02  -.20529044819515D+02  -.52084147488821D+02
  -.56632633712043D+02  0.56575026902395D+02  -.72976511076623D+02
  0.72779474091709D+02  -.10838894521929D+03  -.32547340095220D+02
  -.29643338748920D+01  -.33453889404670D+02  -.28745291432040D+02
  -.80971640990876D+02  0.14016311308192D+02  0.14286657671931D+01
  0.11117824488282D+03  -.25798869033314D+01  -.27730423618796D+02
  0.56543273837198D+02  -.12366112740885D+02  -.21045163408288D+02
  0.94046853260397D+02  0.52626078788686D+02  0.17091994582543D-01
  -.68804010814580D+01  -.38840183847494D+02  -.86744766818933D+02
  0.40745395025622D+02  0.79263284190100D+01  -.14524986050611D+02
  -.88024199106804D+02  0.86912329405164D+02  -.11046162408760D+02
  -.51417428622993D+02  -.97149087353754D+02  0.11536044436128D+03
  0.12704437949764D+01  -.39598066503510D+02  -.28357856380691D+02
  0.37466278711933D+02  0.12998226037122D+03  0.74152973054515D+02
  0.56728768666892D+02  -.94863323126669D+02  0.10668224385766D+02
  -.65782184170779D+02  0.28137155970530D+01  -.10791289166459D+02
  -.10245073193844D+03  0.85414187947158D+02  -.92284670747041D+02
  0.83712790690134D+02  -.71600627829656D+01  -.11113244802472D+02
  -.69445725473802D+02  -.14957825199342D+02  -.43352298194481D+02
  -.46617879629498D+02  -.53271805283602D+02  -.42365634984105D+02
  0.40702653176185D+02  -.11150962264015D+03  0.21305140278214D+02
  -.58161600314865D+04  -.83145287033516D+04  -.32175285363193D+05
  -.62049724915442D+05  -.50687818055015D+05  -.84499341214923D+05
  -.10531911240141D+05  -.59423470320667D+05  -.10424686182543D+06
  0.97990006482032D+05  -.44356644276258D+05  -.69245740837145D+05
  0.26920437049194D+05  -.31255307721738D+05  -.47508272279951D+05
  -.49312651605566D+05  0.11360343433484D+06  0.11964666030637D+05
  0.78817409696913D+05  -.21462828927081D+06  0.94586831823169D+05
  -.41256044344375D+05  -.96555994979716D+05  -.59325742596653D+05
  0.10302298185509D+06  -.19413269865394D+05  0.15855759884468D+04
  -.25915507554850D+06  0.17896977530612D+06  0.10670015236080D+06
  0.18895850386033D+06  0.18949721686728D+06  0.21331717571492D+06
  0.16117699251726D+06  0.79317154532150D+05  -.86931832819038D+05
  0.17058929935026D+05  -.46626149616754D+05  -.62514666524265D+04
  -.45506659346176D+05  -.77250573787340D+04  -.25230439951565D+05
  0.49451522421645D+05  -.13375450401025D+06  0.23766931518690D+05
  -.83108914934703D+05  -.11978608122864D+06  0.24698127449488D+05
  0.24727323245534D+02  -.42890274728130D+01  0.40791928819091D+01
  0.14410315800635D+03  -.12209404497989D+03  -.31239319114305D+02
  0.38846677239946D+02  0.74411446811334D+02  -.21408315105890D+02
  -.11477344928156D+03  0.11362931871057D+03  0.25133077463618D+02
  0.35301004506541D+02  -.19988488859150D+02  0.67755560805630D+01
  0.49464554881027D+02  0.15553765036731D+03  0.71201969118235D+02
  0.18866119106561D+03  -.10305464077288D+03  -.83742081599633D+02
  -.17108524231115D+03  -.15116800833596D+02  -.43551184522751D+02
  0.11086832950993D+03  -.81288325281109D+02  0.62556215985374D+02
  -.15713047888816D+02  0.20337293807894D+03  0.82998870098916D+02
  -.17927853079593D+03  -.32609309102537D+02  -.13030910606921D+02
  0.19690127788367D+03  0.76287057403448D+01  0.54008288898251D+00
  -.16477949424655D+03  -.15445474409529D+03  0.42298345055375D+02
  0.23003471194039D+03  0.20572399408998D+03  0.14087864192187D+02
  -.19102016336691D+03  -.74217536257227D+02  -.55031316143186D+02
  0.99838065270687D+01  -.89244188463464D+02  0.11939395971544D+02
  -.54336566280608D+02  -.23691691851119D+01  0.53305719353830D+01
  -.17675335278468D+02  0.37050665000444D+02  -.85934699083573D+02
  -.96239796153015D+02  0.10140118778445D+03  -.26789634403002D+02
  -.18120096293376D+02  -.18965985202231D+03  0.39303552295114D+02
  -.14890369883608D+02  -.96684693512370D+01  -.90757696340043D+01
  -.14302831548567D+02  0.44961211284790D+01  -.18663919808588D+02
  -.19490128570978D+01  0.77198142039792D-03  0.41152246889517D+01
  -.53831666291324D+01  0.31543908269494D+01  0.53234116075252D+01
  -.16119392488152D+02  0.11424735521540D+01  0.93296617174707D+01
  -.45533292870310D+01  -.11251470613782D+01  0.42674688882342D+02
  -.42609769135482D+01  -.60945851106086D+01  -.41416709229764D+01
  -.20769914333004D+01  0.41793526108110D+00  0.68740378299158D+01
  0.66696230630784D+01  0.12451955356494D+01  -.92617420582516D+01
  0.37900878472644D+01  0.78307157307587D+00  0.44997170821350D+01
  -.27231760552580D+01  0.37667482342553D+01  -.18630793101110D+02
  0.14622704723867D+02  0.20285581778558D+01  0.50751937554674D+01
  0.15066562351685D+01  -.35580540479003D+00  0.54381271521220D+01
  0.10165516363112D+02  -.55629002560751D+00  0.10871234061957D+02
  0.33598449459490D+01  0.98406680760627D+00  0.58636993753395D+01
  -.31877098636772D+01  0.16297944413328D+02  0.86687949051992D+01
  -.68467536135382D+01  0.15676602590447D+02  -.84019708648368D+01
  0.44751452767087D+01  -.13911794395132D+02  0.20509048844000D+02
$raman spectrum
# mode symmetry wave  selection  derivative of  derivative of     raman
#              number   rule       isotropic   polarizability   scattering
#                               polarizability   anisotropy   cross sections
#             cm**(-1)                a.u.          a.u.        bohr**2/sr
#                                                            T,T        II,II
    1    a     -20.47   YES        0.000000     0.000000 0.00000D+00 0.00000D+00
    2    a     -17.73   YES        0.000000     0.000000 0.00000D+00 0.00000D+00
    3    a     -10.86   YES        0.000000     0.000000 0.00000D+00 0.00000D+00
    4    a      -5.66   YES        0.000000     0.000000 0.00000D+00 0.00000D+00
    5            0.00    -         0.000000     0.000000 0.00000D+00 0.00000D+00
    6            0.00    -         0.000000     0.000000 0.00000D+00 0.00000D+00
    7            0.00    -         0.000000     0.000000 0.00000D+00 0.00000D+00
    8            0.00    -         0.000000     0.000000 0.00000D+00 0.00000D+00
    9            0.00    -         0.000000     0.000000 0.00000D+00 0.00000D+00
   10            0.00    -         0.000000     0.000000 0.00000D+00 0.00000D+00
   11    a       7.13   YES      -42.755464    97.060433 0.38950D-04 0.91777D-05
   12    a      10.14   YES       -9.326074   240.691022 0.38072D-04 0.28080D-04
   13    a      13.81   YES     -355.699262  1123.350160 0.94276D-03 0.33228D-03
   14    a      14.66   YES      281.562517   904.164603 0.53350D-03 0.19136D-03
   15    a      16.53   YES       71.326122   312.023360 0.38096D-04 0.17994D-04
   16    a      20.59   YES      211.259138   716.714739 0.16269D-03 0.61705D-04
   17    a      23.72   YES       10.866447   260.404487 0.83978D-05 0.61773D-05
   18    a      25.43   YES      255.823428   460.346221 0.10055D-03 0.16855D-04
   19    a      27.84   YES      -93.172944   255.471031 0.14488D-04 0.43525D-05
   20    a      28.01   YES     -360.052442   996.520828 0.21542D-03 0.65448D-04
   21    a      28.66   YES      293.792010   593.489887 0.11121D-03 0.22202D-04
   22    a      31.37   YES      -88.387967   434.185945 0.19498D-04 0.99735D-05
   23    a      32.24   YES      -16.634155   292.874632 0.59469D-05 0.43040D-05
   24    a      33.94   YES     -132.842185   331.257942 0.18674D-04 0.49855D-05
   25    a      35.26   YES       24.682963   602.112228 0.20788D-04 0.15302D-04
   26    a      37.13   YES     -310.010575  1077.810725 0.11426D-03 0.44386D-04
   27    a      38.24   YES     -467.935801  1094.908459 0.17629D-03 0.43282D-04
   28    a      40.93   YES      153.703049   658.185205 0.29530D-04 0.13726D-04
   29    a      43.44   YES     -360.636876  1279.008772 0.11682D-03 0.46250D-04
   30    a      45.54   YES      233.328042   343.198793 0.25154D-04 0.30429D-05
   31    a      45.96   YES        1.049540   227.040765 0.17452D-05 0.13085D-05
   32    a      46.36   YES      -21.534085   643.687771 0.13968D-04 0.10346D-04
   33    a      47.35   YES       42.699467   771.861569 0.19708D-04 0.14289D-04
   34    a      49.26   YES      223.535767   384.304130 0.21053D-04 0.32853D-05
   35    a      50.35   YES      189.049435   891.563571 0.34055D-04 0.16962D-04
   36    a      50.90   YES      408.603956  1390.539283 0.10624D-03 0.40418D-04
   37    a      51.83   YES      -95.004743   747.544004 0.17783D-04 0.11287D-04
   38    a      53.47   YES      -49.605056   371.730969 0.42106D-05 0.26309D-05
   39    a      54.14   YES       40.635947   485.947591 0.63157D-05 0.43913D-05
   40    a      56.01   YES       47.258076   508.585163 0.65987D-05 0.45109D-05
   41    a      56.31   YES      184.268968   481.271689 0.14125D-04 0.39988D-05
   42    a      58.88   YES     -192.911911   989.298342 0.29571D-04 0.15533D-04
   43    a      59.64   YES      -71.778256   645.754981 0.98111D-05 0.64604D-05
   44    a      60.98   YES     -179.115339   345.842067 0.95200D-05 0.17772D-05
   45    a      61.85   YES      -80.069912   589.393967 0.80928D-05 0.50261D-05
   46    a      63.41   YES     -315.096326   676.121692 0.28980D-04 0.63120D-05
   47    a      63.51   YES      -37.698250   956.644897 0.17092D-04 0.12599D-04
   48    a      64.25   YES     -149.936031   330.741830 0.65075D-05 0.14736D-05
   49    a      65.17   YES      141.762821   415.250415 0.69701D-05 0.22619D-05
   50    a      65.97   YES      -19.474129   255.257829 0.11868D-05 0.83540D-06
   51    a      67.74   YES     -206.374255   435.857180 0.10886D-04 0.23181D-05
   52    a      67.91   YES     -213.069551   446.547136 0.11500D-04 0.24219D-05
   53    a      69.18   YES      353.109071  1017.568427 0.38142D-04 0.12149D-04
   54    a      70.14   YES     -350.708279  1071.128445 0.38591D-04 0.13120D-04
   55    a      70.42   YES      224.908444   925.755955 0.21583D-04 0.97281D-05
   56    a      71.27   YES     -246.586665   569.759636 0.14929D-04 0.36034D-05
   57    a      71.86   YES        0.704117   264.796608 0.10221D-05 0.76648D-06
   58    a      72.72   YES     -174.616042   571.835563 0.95521D-05 0.34964D-05
   59    a      73.97   YES     -519.192000  1532.425149 0.74323D-04 0.24327D-04
   60    a      74.44   YES      303.105238   766.335234 0.22126D-04 0.60127D-05
   61    a      74.71   YES      -34.264691   293.823664 0.13497D-05 0.87798D-06
   62    a      76.26   YES      -11.534615   532.853355 0.37259D-05 0.27797D-05
   63    a      76.98   YES      831.823013  2105.326646 0.15672D-03 0.42646D-04
   64    a      77.80   YES      317.190595  1222.965057 0.33053D-04 0.14111D-04
   65    a      78.27   YES     -246.436843   756.511423 0.15619D-04 0.53398D-05
   66    a      79.11   YES      458.431372  1489.837015 0.55912D-04 0.20305D-04
   67    a      80.90   YES     -424.292214  1177.417857 0.39930D-04 0.12169D-04
   68    a      81.66   YES       65.065740   925.177824 0.10395D-04 0.73854D-05
   69    a      83.08   YES      240.652062   522.504636 0.10304D-04 0.22820D-05
   70    a      84.07   YES      108.290005  1316.965724 0.20352D-04 0.14185D-04
   71    a      84.53   YES      -33.188335   550.310986 0.34033D-05 0.24522D-05
   72    a      85.60   YES      204.453049   719.190734 0.10418D-04 0.40925D-05
   73    a      86.94   YES       92.789132   379.640717 0.24710D-05 0.11084D-05
   74    a      87.87   YES      133.639342   363.691306 0.33505D-05 0.99756D-06
   75    a      88.46   YES      852.779427  2565.171743 0.14663D-03 0.49022D-04
   76    a      90.34   YES      280.663516   684.833639 0.12954D-04 0.33622D-05
   77    a      91.30   YES      255.569239   860.077626 0.13825D-04 0.52018D-05
   78    a      92.31   YES      313.757061  1530.000109 0.31690D-04 0.16134D-04
   79    a      93.59   YES      205.692352   702.663830 0.86906D-05 0.33187D-05
   80    a      95.85   YES     -165.396202   801.678495 0.81562D-05 0.41364D-05
   81    a      96.74   YES     -409.637108  1242.044665 0.28948D-04 0.97635D-05
   82    a      98.17   YES       94.395321   555.254902 0.33570D-05 0.19000D-05
   83    a      99.55   YES      242.852975   560.175287 0.78298D-05 0.18855D-05
   84    a     101.29   YES     -127.604558   383.178169 0.25623D-05 0.85502D-06
   85    a     101.36   YES     -165.601560   692.469265 0.61110D-05 0.27889D-05
   86    a     102.80   YES        3.941056   582.176322 0.25635D-05 0.19217D-05
   87    a     103.39   YES       72.727000   517.113166 0.24460D-05 0.15006D-05
   88    a     104.77   YES     -450.169008  1079.212738 0.25163D-04 0.63814D-05
   89    a     105.35   YES      157.127386   941.908840 0.84261D-05 0.48128D-05
   90    a     106.36   YES     -101.553165   707.599004 0.43848D-05 0.26699D-05
   91    a     107.81   YES      118.653167   571.835259 0.33680D-05 0.17017D-05
   92    a     109.31   YES       84.712457   760.614894 0.44625D-05 0.29370D-05
   93    a     110.08   YES       16.680759   599.998045 0.24272D-05 0.18047D-05
   94    a     110.61   YES       50.857253   541.346390 0.21349D-05 0.14566D-05
   95    a     111.02   YES      142.998622   576.107882 0.36994D-05 0.16387D-05
   96    a     112.54   YES       64.028742   520.665743 0.20381D-05 0.13063D-05
   97    a     113.80   YES      101.875131   349.293414 0.15038D-05 0.57632D-06
   98    a     114.62   YES      283.531734  1193.578100 0.14482D-04 0.66438D-05
   99    a     117.47   YES      121.942984   726.878822 0.41402D-05 0.23584D-05
  100    a     118.09   YES      186.517761   896.621792 0.70477D-05 0.35551D-05
  101    a     120.90   YES      -31.904203  1253.453906 0.89493D-05 0.66634D-05
  102    a     121.78   YES     -236.558767  1234.475078 0.12022D-04 0.63805D-05
  103    a     123.13   YES     -182.926956   798.391790 0.55505D-05 0.26172D-05
  104    a     123.73   YES     -369.144600  1125.047297 0.15190D-04 0.51524D-05
  105    a     125.15   YES     -228.096663  1013.944200 0.85818D-05 0.41014D-05
  106    a     126.88   YES     -177.215133  1023.244512 0.72701D-05 0.40769D-05
  107    a     129.71   YES     -375.345829   990.193575 0.12811D-04 0.36721D-05
  108    a     130.78   YES     -710.018057  2145.976953 0.50581D-04 0.17000D-04
  109    a     131.85   YES     -216.826625   391.434436 0.33096D-05 0.55757D-06
  110    a     134.12   YES      -41.845440   566.009644 0.16013D-05 0.11314D-05
  111    a     134.69   YES      219.120388  1244.823566 0.97671D-05 0.54319D-05
  112    a     135.70   YES      378.807730  1486.980300 0.17647D-04 0.76500D-05
  113    a     137.45   YES     -250.992471   886.025304 0.67380D-05 0.26559D-05
  114    a     139.65   YES      149.894172  2741.738851 0.34090D-04 0.24736D-04
  115    a     140.51   YES      523.266587   802.045961 0.16163D-04 0.20942D-05
  116    a     140.94   YES       -7.530215  2504.926251 0.27094D-04 0.20319D-04
  117    a     142.85   YES     1084.924166  1988.783794 0.72531D-04 0.12511D-04
  118    a     144.09   YES      136.014607  1961.085488 0.16843D-04 0.11984D-04
  119    a     145.33   YES      388.630694  2810.600643 0.39290D-04 0.24251D-04
  120    a     146.71   YES      135.954337   805.680444 0.34511D-05 0.19604D-05
  121    a     149.75   YES       57.334921   574.877833 0.14280D-05 0.96325D-06
  122    a     151.84   YES      -12.144214   897.660381 0.30637D-05 0.22930D-05
  123    a     155.05   YES     -153.776592   254.816776 0.12113D-05 0.17823D-06
  124    a     156.58   YES      -75.962507   331.836331 0.62986D-06 0.29719D-06
  125    a     159.36   YES       -0.176476   227.433215 0.18060D-06 0.13545D-06
  126    a     161.92   YES     -210.168237   341.960300 0.20855D-05 0.29796D-06
  127    a     162.64   YES       28.727908   125.118417 0.84088D-07 0.39587D-07
  128    a     164.93   YES      -95.720488   224.881489 0.50583D-06 0.12487D-06
  129    a     165.53   YES       20.057275   154.450193 0.92856D-07 0.58536D-07
  130    a     167.60   YES      -19.404067   158.949005 0.94497D-07 0.60696D-07
  131    a     172.03   YES       62.029614   443.258991 0.73471D-06 0.45155D-06
  132    a     174.28   YES       21.109657   151.320076 0.83664D-07 0.51478D-07
  133    a     176.20   YES      -70.982137   211.177063 0.29801D-06 0.98417D-07
  134    a     176.81   YES        4.316957   221.805881 0.14453D-06 0.10794D-06
  135    a     178.43   YES      -92.653124   303.173859 0.54297D-06 0.19858D-06
  136    a     182.45   YES      159.391137   340.698750 0.11150D-05 0.24154D-06
  137    a     188.15   YES       -7.493172    84.976217 0.20691D-07 0.14270D-07
  138    a     209.88   YES        1.234718    34.618971 0.26718D-08 0.19756D-08
  139    a     228.95   YES        5.430116    37.404590 0.33006D-08 0.20010D-08
  140    a     237.69   YES       -7.383008    26.164290 0.23296D-08 0.92161D-09
  141    a     256.54   YES      -13.495177    30.075862 0.46924D-08 0.10779D-08
  142    a     280.97   YES       -6.373271    18.565643 0.11037D-08 0.35592D-09
  143    a     288.21   YES        5.280558    21.388949 0.10205D-08 0.45406D-09
  144    a     351.43   YES       -0.145419     9.046271 0.80283D-10 0.60037D-10
  145    a     353.46   YES        1.257449     2.308311 0.22419D-10 0.38756D-11
  146    a     388.30   YES        0.406621     2.971817 0.90229D-11 0.55899D-11
  147    a     399.78   YES        2.568427    13.526944 0.20800D-09 0.11098D-09
  148    a     427.88   YES       -0.523242     3.903737 0.13427D-10 0.83773D-11
  149    a     435.18   YES       -2.419807     7.778820 0.90410D-10 0.32465D-10
  150    a     442.35   YES       -1.796460     2.269242 0.28970D-10 0.26989D-11
  151    a     451.91   YES        0.073475     3.287822 0.73681D-11 0.54952D-11
  152    a     485.09   YES        2.214275     6.720958 0.61512D-10 0.20771D-10
  153    a     493.38   YES       -1.122986     2.433203 0.12038D-10 0.26583D-11
  154    a     517.07   YES        0.678372     0.828294 0.32872D-11 0.28849D-12
  155    a     542.43   YES       -0.267115     3.581974 0.71519D-11 0.50481D-11
  156    a     578.88   YES        1.202919     6.397371 0.27437D-10 0.14722D-10
  157    a     593.18   YES       -2.196769     5.361669 0.38517D-10 0.10001D-10
  158    a     595.64   YES        0.220914     3.770231 0.68094D-11 0.49171D-11
  159    a     668.99   YES        0.661276     1.248249 0.25509D-11 0.46019D-12
  160    a     669.83   YES        0.520699     1.514694 0.21011D-11 0.67647D-12
  161    a     707.82   YES       -0.771284     4.691479 0.10472D-10 0.60229D-11
  162    a     728.34   YES        0.052259     1.757795 0.10954D-11 0.81349D-12
  163    a     763.99   YES       -1.321213     2.994725 0.94146D-11 0.22137D-11
  164    a     785.34   YES       -0.766971     1.691586 0.30057D-11 0.68050D-12
  165    a     788.75   YES        1.980243     4.742257 0.20996D-10 0.53170D-11
  166    a     795.76   YES       -0.371034     1.191265 0.92446D-12 0.33153D-12
  167    a     804.81   YES       -0.775591     2.144063 0.34862D-11 0.10577D-11
  168    a     816.11   YES       -0.066435     2.953993 0.26419D-11 0.19702D-11
  169    a     855.74   YES        0.029557     1.446025 0.59311D-12 0.44275D-12
  170    a     890.60   YES       -0.862037     2.674262 0.41482D-11 0.14344D-11
  171    a     927.61   YES       -0.314612     2.251075 0.15637D-11 0.96151D-12
  172    a     941.12   YES        0.086290     1.616830 0.66920D-12 0.48632D-12
  173    a     961.48   YES        0.173275     2.233712 0.12832D-11 0.90139D-12
  174    a     963.67   YES        0.451917     2.032603 0.15438D-11 0.74406D-12
  175    a    1029.27   YES        0.169833     3.037396 0.20942D-11 0.15173D-11
  176    a    1052.94   YES        0.371002     1.437822 0.76822D-12 0.32942D-12
  177    a    1054.67   YES       -0.541365     1.283293 0.10480D-11 0.26182D-12
  178    a    1058.71   YES        0.593146     2.527359 0.21814D-11 0.10101D-11
  179    a    1085.00   YES       -0.329803     0.675851 0.34238D-12 0.69800D-13
  180    a    1086.65   YES       -0.324559     2.294533 0.13114D-11 0.80282D-12
  181    a    1101.80   YES       -0.143442     0.368340 0.73211D-13 0.20290D-13
  182    a    1102.77   YES       -0.062065     0.457219 0.50264D-13 0.31225D-13
  183    a    1127.46   YES        0.533411     1.093466 0.84872D-12 0.17311D-12
  184    a    1132.23   YES       -1.533887     2.109303 0.59330D-11 0.64032D-12
  185    a    1164.85   YES       -2.212889     4.425541 0.13764D-10 0.27074D-11
  186    a    1166.06   YES       -1.199302     1.845360 0.36048D-11 0.47005D-12
  187    a    1236.25   YES        0.006316     0.963048 0.15705D-12 0.11773D-12
  188    a    1248.37   YES        0.121488     1.368224 0.34010D-12 0.23430D-12
  189    a    1251.53   YES       -1.225354     4.715114 0.65049D-11 0.27723D-11
  190    a    1263.20   YES        0.504059     1.611798 0.89503D-12 0.31961D-12
  191    a    1290.68   YES        1.587310     2.945616 0.58853D-11 0.10345D-11
  192    a    1338.45   YES       -0.183515     3.603007 0.20133D-11 0.14672D-11
  193    a    1354.66   YES        0.955951     1.502321 0.18559D-11 0.25057D-12
  194    a    1366.28   YES        2.382958     3.176719 0.10812D-10 0.11062D-11
  195    a    1370.44   YES        1.970419     4.530299 0.93411D-11 0.22396D-11
  196    a    1385.67   YES        0.408033     0.782436 0.35567D-12 0.65711D-13
  197    a    1389.51   YES       -0.065119     0.983531 0.14466D-12 0.10340D-12
  198    a    1401.04   YES        0.180095     0.951059 0.17869D-12 0.95493D-13
  199    a    1408.16   YES        0.496659     1.107203 0.55892D-12 0.12844D-12
  200    a    1408.86   YES       -0.742897     2.263073 0.15816D-11 0.53619D-12
  201    a    1416.87   YES       -0.957755     2.587061 0.23546D-11 0.69475D-12
  202    a    1421.78   YES        0.554211     2.490234 0.13296D-11 0.64036D-12
  203    a    1425.08   YES       -0.516008     1.183565 0.60319D-12 0.14415D-12
  204    a    1426.57   YES       -0.930668     2.341322 0.20857D-11 0.56320D-12
  205    a    1434.50   YES       -0.617468     2.380197 0.13523D-11 0.57720D-12
  206    a    1439.55   YES        0.282076     3.523416 0.17984D-11 0.12581D-11
  207    a    1445.90   YES       -0.166985     4.583210 0.28615D-11 0.21146D-11
  208    a    1457.51   YES       -1.328250     1.609624 0.29754D-11 0.25766D-12
  209    a    1474.35   YES        0.129080     1.145474 0.19538D-12 0.12822D-12
  210    a    1478.44   YES       -1.738625     3.382037 0.58962D-11 0.11130D-11
  211    a    1490.29   YES        1.134591     3.901668 0.38072D-11 0.14633D-11
  212    a    1501.86   YES        2.458088     3.436992 0.10105D-10 0.11221D-11
  213    a    1506.44   YES       -0.467189     3.599310 0.19426D-11 0.12248D-11
  214    a    1525.37   YES       -1.005151     4.191593 0.35779D-11 0.16293D-11
  215    a    1605.76   YES       -0.330830     1.560501 0.41835D-12 0.20839D-12
  216    a    1626.04   YES        6.619759     8.990474 0.64185D-10 0.67809D-11
  217    a    2814.91   YES       -1.637604    10.987110 0.61980D-11 0.37190D-11
  218    a    2845.98   YES        0.963597     3.371157 0.87509D-12 0.34198D-12
  219    a    2894.28   YES       -0.786064     3.027430 0.62352D-12 0.26594D-12
  220    a    2909.17   YES        0.442675     3.270028 0.49343D-12 0.30682D-12
  221    a    2970.95   YES       -0.332978     1.836870 0.16882D-12 0.92439D-13
  222    a    2975.63   YES        0.624000     2.621544 0.40963D-12 0.18763D-12
  223    a    2978.14   YES        0.794135     2.215036 0.43605D-12 0.13370D-12
  224    a    2990.23   YES       -0.691150     1.307097 0.25502D-12 0.46139D-13
  225    a    3080.87   YES       -0.242319     0.407245 0.27823D-13 0.41877D-14
  226    a    3081.34   YES        0.008435     0.569854 0.10956D-13 0.81966D-14
  227    a    3088.80   YES        0.567109     0.893654 0.14783D-12 0.20047D-13
  228    a    3089.63   YES        0.279081     0.815685 0.51564D-13 0.16691D-13
  229    a    3124.68   YES        0.480436     0.708155 0.10099D-12 0.12260D-13
  230    a    3128.76   YES       -0.598910     1.035104 0.16596D-12 0.26115D-13
  231    a    3130.24   YES        0.261012     1.157810 0.68399D-13 0.32638D-13
  232    a    3136.94   YES        0.368787     1.003905 0.81982D-13 0.24417D-13
  233    a    3155.61   YES        0.166422     0.386433 0.14686D-13 0.35686D-14
  234    a    3160.69   YES       -0.473658     0.977207 0.11044D-12 0.22736D-13
#  the polarizability anisotropy is commonly referred to as GAMMA, and
#  is defined as GAMMA**2 = sum(i<j) of ((aii-ajj)**2+6*aij**2)/2.
#  the (differential) raman scattering cross sections refer to T= 298.15K
#  and to exciting radiation of  12738.85cm**(-1) in vacuum.
#  the scattering angle is 90 deg.
#  T,T: electric field vectors polarized orthogonal to scattering plane.
#  II,II: electric field vectors polarized parallel to scattering plane.
#  corrections for accidental or systematic degeneracies have not been applied.
#  absolute raman scattering cross sections in liquids usually are larger
#  than in vacuum by a factor of about 4 due to local field effects.
#  classic references are: D.A.Long, Raman Spectroscopy, McGraw-Hill 1977;
#  H.W.Schroetter and H.W.Kloeckner, Topics in Current Physics Vol.11 (1979).
$end
