$dipgrad          cartesian dipole gradients
  -.12383987329973D-01  0.40479641263909D-01  -.24412744490039D-01
  0.82115575914028D-01  -.50271068129737D-01  -.42196434207689D-02
  -.37212735702799D+00  -.35315719525155D+00  0.16270035314186D+00
  0.59374425002215D-01  0.38221918385161D-01  -.68972101818544D-01
  -.98104791259079D-02  -.27341453318612D-01  -.17585595538550D-01
  -.23185929863324D+00  -.40222914285126D+00  0.10503216712932D+00
  -.80637622413707D-01  0.24248529883605D-01  -.15723139705548D-01
  -.52269979226514D-01  -.11117485967753D+00  -.16573004738344D-01
  -.15667049534102D+00  -.38402513769984D+00  -.35922566022863D-01
  -.61820698096769D-01  -.43326842380901D-01  0.15589115554250D-01
  -.19147650061070D-01  -.15550937090401D+00  -.69171219478544D-02
  -.45503077003979D-01  -.37308510159250D+00  -.14623839100849D-02
  -.40106778901936D-01  -.59626703262696D-01  0.29328169357202D-01
  -.56726408293038D-02  0.80814812287399D-01  0.15127445648114D-01
  0.20221024923107D+00  -.35566215456281D+00  0.28544932750534D-01
  -.18624714846017D-01  0.34462129739705D-01  -.41397081573199D-01
  0.17162663221636D-01  -.17754591905082D-01  -.26440071454600D-01
  -.37468903075659D+00  -.14309477271982D+00  0.33279492833159D-01
  -.47544488694912D-01  -.33760880132559D-01  0.79212288493062D-01
  -.81606238510323D-01  -.74974400848522D-01  0.48656697614628D-01
  -.20337819143239D+00  -.16959512677908D+00  0.61568926989783D-01
  -.26717218264404D-01  0.27829670096802D-01  -.10587879655927D-01
  0.22054272497354D-02  -.34901475902672D-01  0.47917941430688D-01
  -.83558789392170D-01  -.10336088112638D+00  0.44062162833845D-01
  0.85771588454234D-01  -.36561057747409D-01  0.47281252197734D-01
  -.47437492234147D-01  -.19731924640022D-01  0.29614679830117D-01
  -.41269138540086D-01  -.17687341098314D+00  0.11448540947581D+00
  -.20291944183448D+00  0.31821736657451D-01  -.74905659390760D-01
  -.98030124668441D-01  -.20875198533042D+00  -.19273644588421D-01
  0.25735847890050D+00  -.12721684888081D+00  0.19256301657522D-01
  -.74910022175043D-01  0.12992211329116D-03  -.48116445052704D-01
  0.11817873628275D+00  -.42132185957210D-01  0.67489556706026D-01
  -.31535038398101D+00  0.30926445012349D-01  -.24781475708811D-01
  0.42965476128990D-02  -.15646447974921D-01  0.66836101928338D-02
  -.23849176919651D-02  -.70285493569231D-01  -.54380982318838D-01
  -.58512973347852D-01  0.45368917220981D-01  0.77548959545296D-01
  0.14356076255704D-01  -.64599452853550D-02  -.22926782722626D-01
  -.38640546700756D-01  -.48151220138496D-01  0.17058440690576D-01
  -.26145090659462D-01  0.14026910103580D-02  0.50363124207655D-02
  0.39532170925409D-01  0.17757126083991D-01  -.35353172105461D-01
  -.34228452480204D-01  -.90767001058023D-02  -.40484935849231D-01
  0.16295493974031D+00  -.10304891848047D-01  0.30657655019358D-01
  -.14064218562659D+00  -.36382841164049D-01  -.27211370899215D-01
  -.42419936305133D-01  -.63308124510270D-01  -.35926330359395D-01
  0.18499013149126D+00  -.53887344448668D-01  -.67015918293341D-01
  -.12749262117958D+00  0.29076637109073D-01  -.56058607619176D-01
  -.28693161112942D-01  -.13048189420227D+00  -.26441641903321D-01
  -.24412929479058D+00  0.20678128300408D+00  0.11125264483526D-01
  0.19693060859343D-01  -.67211702891671D-02  0.59975826861584D-01
  0.33062639848619D-01  0.73015172345532D-01  0.24292868494646D-01
  -.36842528861561D-01  0.12337314398288D+00  -.15681684625422D-01
  0.85280774810503D-01  0.25707520504568D-01  -.95196027567708D-02
  0.12441760822835D-01  0.84713140487113D-02  -.10444417564580D-01
  0.11763393662757D+00  0.19941915161489D+00  -.24218204455536D-01
  -.42673590185484D-01  -.32685788384840D-01  0.14465252112929D-01
  -.50279485946831D-01  -.70197070468224D-01  -.59853320132259D-02
  0.98209383086502D-01  0.91646268102724D-01  0.68005755777234D-01
  0.19601392830923D+00  0.83352025286685D-01  0.37167905078594D-01
  0.12028987827755D+00  0.51054266409598D-02  0.72707307562076D-01
  0.28995039418514D+00  0.15413380766647D+00  -.78891590995943D-01
  0.94189146099015D-01  0.33932548970681D-01  -.17839806439162D-02
  -.85805771761467D-01  0.60238734140045D-01  0.25194354667678D-01
  0.22894170429321D-01  0.54375126203340D+00  -.27119268156228D-01
  -.14158728957383D+00  -.85147953569123D-01  0.11451402695320D-01
  0.85806320930725D-02  -.15185132372753D+00  -.49782359296932D-01
  0.12898950407978D+00  0.48111629700025D+00  -.90556767566134D-02
  0.34232144792388D-01  -.36031252641934D-02  0.33306150979037D-01
  -.65646626152848D-01  -.61299978525990D-01  0.15077193275534D-01
  0.14971141283432D+00  0.38034782129802D+00  -.84661523548831D-02
  0.10587491808458D+00  0.14631306941020D+00  0.22572609454213D-01
  0.12275213555864D+00  0.10274532992218D+00  -.32892413165326D-01
  0.42078796459963D+00  0.51321154715894D+00  -.50181873045522D-02
  0.19345779123733D+00  0.81678402062156D-01  0.12277702372161D+00
  0.19324573078883D+00  0.15507780086060D+00  0.12670155955525D+00
  -.36251167127924D+00  -.30958238495489D+00  0.49694415254842D-01
  0.11535234496412D+00  -.12742979672913D-01  0.17111291792589D-02
  0.45315481306485D-02  0.96414642087521D-01  0.78251278209891D-01
  -.15552335986889D+00  -.29240516369008D+00  -.80435938875623D-02
  0.96948666126649D-02  0.30883105012695D-01  -.10903993208206D+00
  0.92799005538377D-01  0.15827029455949D+00  -.25550448957995D-02
  -.10250107138818D+00  -.36359899357658D+00  -.14210758247608D-01
  0.10732058690158D+00  -.82622276722823D-01  -.10839403819139D-01
  -.26746113562091D-01  0.22974072621549D+00  0.64357262349843D-01
  -.39541649545534D-01  -.40634154460685D+00  0.87935801040159D-01
  0.44167932284252D-01  0.18392683088311D-01  -.37282755018658D-01
  0.11003099478789D+00  0.24341465824467D+00  -.11131623283292D+00
  -.26003982129842D+00  -.10058275802741D+00  0.37806342088040D-01
  0.78229962844327D-01  -.36563255882586D-01  0.79572678624012D-01
  -.23931331517440D-02  0.22152758753869D+00  -.70283453125889D-01
  -.21707102866449D+00  -.19680052823619D+00  -.50800494409464D-01
  0.22581279419261D+00  0.27387090360085D-01  -.37655337598290D-01
  0.26703023472945D-01  0.12798814281063D+00  0.56843156991008D-02
  -.34402792555205D-01  -.14294394667112D+00  -.57747491529278D-01
  -.63904485157862D-01  -.47408999476665D-01  -.15966686172478D-02
  -.84766741077888D-01  0.88172834061240D-01  -.12594920692190D-01
  0.19707580728379D+00  -.19927624725486D+00  -.44287290092624D-01
  -.19938366110096D-01  -.19881724319113D-01  -.40342346216105D-01
  -.44691151852160D-01  0.19977094894299D-01  0.28253209961506D-01
  -.17494778486481D+00  0.12602102251093D+00  0.67806743987265D-01
  0.16012720933403D+00  0.12242321573962D+00  0.88936274401479D-02
  0.12520348880183D+00  0.19347093354757D+00  -.18358047505061D-01
  -.87334144138833D-02  0.67863925648310D-01  -.14401451995595D-01
  0.12337526794509D+00  -.55588888783914D-01  -.52844535921128D-02
  -.11304037290681D+00  0.20339093182067D+00  -.36827720908464D-01
  0.12425850439997D+00  0.99604506596667D-01  0.40410599388757D-03
  -.20987013985472D-01  -.71329656940558D-01  -.58779295593596D-02
  0.23250444300061D-01  0.13086853234644D+00  0.13163670069391D-01
  0.37952525195397D+00  0.12210582877007D+00  -.29644585392318D-02
  0.16573898552788D+00  0.42595400527148D-01  0.73264703551906D-01
  0.13010207061901D-01  0.28197372215622D+00  -.27762378118902D-01
  -.14692888319516D+00  0.26559444472109D+00  0.60904136061416D-01
  -.15816176190287D+00  -.16146698785012D+00  -.38756369552779D-01
  0.14747836427094D-01  0.12383996755485D+00  0.39302315729264D-02
  0.74694605367182D-01  0.36517108249356D+00  -.18206480237289D-01
  0.15421717766186D+00  -.21413097631355D-01  0.25123100226785D-01
  -.50007237765241D-01  0.11325296143996D+00  -.11482797245451D-01
  0.30373799532162D+00  0.39797832781813D+00  -.28955335410730D-01
  0.18609464861364D+00  0.31144211649217D-01  -.18399919184971D-01
  0.35484647117604D-01  0.12928715984158D+00  -.49193726056044D-01
  0.46555175063992D+00  0.41489319050517D+00  0.12757883122435D-01
  0.33232916814656D+00  -.11116642670522D-01  -.41377092518848D+00
  0.30322438494156D-01  0.17356945836404D-01  -.31743452245038D+00
  -.20610570866945D+00  -.60086844373976D-01  0.12533945821782D+00
  -.92038765998232D+00  0.26658000979569D+00  0.13288154034847D+01
  0.41507058069702D+00  -.25707185679941D+00  -.50746291660533D+00
  0.11192348818891D+00  0.96344208797675D-02  -.23241350489398D+00
  0.15754613603406D+00  -.97690276176693D-01  -.47505853169318D-01
  -.23676356767392D+00  0.13522396047768D+00  0.36053746377251D+00
  -.53762791709460D-01  0.12744770714371D+00  0.17621684550936D+00
  0.78875735147814D+00  -.30707093461625D+00  -.95343396089820D+00
  -.37095453193303D+00  0.69481627190402D-01  0.61531744099734D+00
  -.82497562840189D-01  0.98423393278375D-03  0.40996083556031D-01
  -.47660496163893D+00  0.16327570232249D+00  0.55989104550377D+00
  -.89627928184869D-01  -.21250825491687D-01  0.12562288398709D+00
  0.56426942161959D-01  -.74310148373371D-01  -.19621430302229D+00
  0.27866484308862D+00  -.29969456536712D-01  -.12390705880657D+00
  -.24769880155460D+00  -.23191568892460D-01  0.58608361200866D+00
  -.43355104221118D-01  0.36788609979190D-01  0.10767728912632D+00
  -.37666122727567D+00  0.75773138929215D-01  0.12496718510708D+00
  0.22818937915410D+00  -.37524815753047D-01  -.12074093867061D+00
  0.85598206977096D-01  -.21865571482335D-01  0.19017567724184D+00
  0.31006090773803D+00  -.87124847724498D-01  -.41816190963883D+00
  -.11777107860838D-01  -.53796096215988D-02  -.10517084642363D+00
  -.26362922813323D-01  -.11074447385685D-01  0.13018503024581D+00
  -.26621249090494D+00  0.75506987831848D-01  0.41781563372537D+00
  0.36556216908543D+00  -.13517483572122D+00  -.67833726860739D+00
  0.39381053940333D-01  0.52085082394061D-01  -.25821615222713D+00
  0.40669744116378D+00  -.15606563678105D+00  0.19310625186535D+00
  0.50037481512953D-01  -.18059275019504D+00  0.67983665199046D+00
  -.39276032575277D-01  0.53327785119869D-01  -.37730815749904D+00
  -.32757608972098D+00  0.17382424852902D+00  -.47693314917060D+00
  -.23563833962419D+00  -.26555543162276D-01  -.32540014030845D+00
  0.17964013265940D-01  -.15372440908121D-01  0.10901492949255D+00
  0.31350381264773D+00  -.86581572193178D-01  0.57974199841976D+00
  -.42040356970181D-02  0.58993717764146D-01  -.22357894048811D+00
  0.78067685048140D-01  0.34561862356497D-01  -.12969576168965D+00
  -.27048536881013D+00  -.64065190913932D-02  -.37308290901243D+00
  -.48579646896532D+00  -.29570343667982D-01  -.51686284307710D+00
  -.84843918554962D-01  0.29208864823896D-01  -.92834505786202D-01
  0.78746502060806D+00  0.58089091018757D-01  0.79004350765833D+00
  0.49509606250742D+00  -.23680477875248D-01  0.49477052309766D+00
  0.85090630508420D-01  0.65381282020336D-01  0.14872809446983D+00
  -.12025395378199D+01  -.23813651823862D-01  -.12024029455811D+01
  -.32614684479030D+00  -.23391782830766D+00  -.43656116682958D+00
  0.71652142175549D-01  -.44227962526549D-01  0.80197624624645D-01
  0.49724877481567D+00  -.89671758208133D-01  0.39262525684354D+00
  -.25559163652494D+00  0.43875565988398D-01  -.27379917766213D+00
  0.49120630799704D-01  -.66329932651782D-01  0.10644806348722D+00
  0.14163877693107D+00  0.70545787135260D-01  0.71341694740920D-01
  0.14109220697400D+00  0.12960881516368D+00  0.26601740305973D+00
  0.50482346172757D-01  0.82743350418211D-01  0.15509166209139D+00
  -.52502838998312D+00  0.26054371595391D-01  -.44281012595703D+00
  0.89527026245197D-01  -.63496527777058D-01  0.89965269242547D-01
  -.76159758202474D-01  0.52599943491202D-02  -.20443257556419D+00
  0.27335442934052D+00  -.45214120810605D-01  0.78130109376674D-01
  0.32419263554777D+00  -.59234592670335D-01  0.76940791669240D+00
  0.21648478271637D-01  -.42872672584542D-01  -.17446856217184D+00
  -.12800115336841D+00  0.18495224082962D-01  -.33937525343697D-01
  -.35730310260786D-01  -.64608914291301D-01  -.52860977211005D+00
  0.10788175358907D-01  0.38401816705397D-01  0.14501776651075D+00
  -.39314940781135D-01  0.80076341665961D-02  0.76574285163993D-01
  -.38670863211490D-01  0.73242635822883D-02  0.11098588679310D+00
  0.87030086159393D-02  -.28605949622627D-02  0.66533249180280D-01
  0.34090420713112D-01  0.19061152770012D-01  -.25981511363025D-01
  -.80289090485653D-01  0.17680084718162D-01  0.14407364114937D+00
  0.84327491255713D-01  0.25790704465871D-01  -.54115812064286D-01
  -.21364346727683D-03  0.18021003314170D-01  0.46164924745046D-01
  0.97687439140414D-01  0.85278270334150D-02  -.46878215213244D-01
  -.38466435793119D-01  0.61543899999488D-02  0.83149280991988D-01
  -.55735261898218D-01  0.47893604145910D-01  0.59079829846477D-01
  -.43274011412445D-01  0.63521263559504D-01  0.70275933006192D-03
  -.31644326931906D-01  0.13495074035943D-02  0.78660439335606D-01
  0.67591786326205D-01  -.52674024069959D-01  -.11862485967098D+00
  0.45557696906940D-01  -.13935988898914D-01  -.87517602820181D-01
  0.46672084331820D-01  -.67969949514975D-01  -.56736497727538D-01
  0.79050227161098D-02  -.70256367333162D-02  0.56634425972771D-02
  0.37031617276731D-01  -.21582752389228D-01  -.76590777327056D-01
  -.23714526529395D-01  -.33693076903359D-01  -.49182429149975D-01
  0.29680105399075D-01  -.13780831321541D-01  -.53656113212097D-03
  0.54396125434490D-02  -.55195583313226D-03  -.98191319500886D-02
  -.43676427431131D-01  0.52553733594350D-01  0.10409091084078D+00
  0.20933187199705D-01  0.11960115357160D-01  -.31205231736513D-01
  -.23813343481230D-02  0.11358743872946D-01  -.95017568372981D-02
  -.15615765352139D-01  -.57519194586900D-01  0.10375567871053D+00
  0.57293194033812D-02  -.16118388974358D-01  0.26980472344235D-01
  -.19728158710131D-01  0.25443233950407D-01  -.13368310426538D-01
  -.75651979589969D-01  -.46242784033243D-01  0.12998363461326D+00
  0.46243760247511D-01  -.21676336559906D-01  0.34487720719699D-01
  0.33110974448519D-02  0.14186948031893D-01  0.27932803698884D-02
  0.23296474505297D-01  -.67380420462919D-01  0.13069437180517D+00
  -.54523494158658D-02  0.12366721638853D-01  -.43151909011639D-01
  -.49614043686293D-02  0.34763006359693D-01  -.15751212381587D-01
  0.58289142497444D-01  -.41957614037936D-01  0.94076921737903D-01
  0.46523584496162D-01  -.56284969591433D-02  0.17786961006866D-01
  0.13931404764923D+00  0.28102600538369D-01  0.17090913526075D+00
  -.15063870365805D+00  0.58348702900139D-01  -.13193282549114D+00
  0.23017680621253D-01  -.68354837194182D-02  -.23511437525715D-01
  -.94843119778243D-01  0.16376617319903D-01  -.16494820491106D-01
  0.11065811897842D+00  0.29373625016120D-01  0.10504679236935D+00
  0.41249536145677D-03  -.21116117342430D-01  -.34185833798284D-01
  0.18780010832772D-01  -.94011517789396D-02  0.24682275603551D-01
  0.86406869733449D-01  -.41251291757672D-01  0.10975755823728D-01
  -.32323907178886D-01  -.24501199707841D-01  -.42191936307213D-01
  -.67895541144591D-02  0.37849919008501D-01  -.11735714509454D-01
  0.12925237672288D+00  0.46819599042678D-01  0.11181007507212D+00
  0.98475554896869D-01  0.56092492259994D-01  0.13408842525516D+00
  -.41695206176073D-01  0.58544257290370D-02  -.81004887660122D-01
  -.83095907495155D-01  -.69105963621509D-01  -.12560538895736D+00
  -.78726626001741D-01  -.15385385588715D-01  -.47763760144798D-01
  -.18852255663649D-01  -.13135193718843D-01  -.35111964842499D-01
  -.66265507412406D-01  0.33584104094554D-02  -.90444572396301D-01
  0.16241964012314D-01  0.50240715459605D-02  -.10536906994295D-01
  -.68750532234028D-02  -.55356926160791D-02  0.27058653883608D-03
  0.27086666949168D-01  0.37859838812360D-01  0.98372753025470D-01
$end
