 Mode:  11          7.132  -0.259890476225D-03  -0.107564323933D-03   0.137410747422D-03
 Mode:  12         10.143   0.351079969080D-03   0.294047630768D-03   0.930390862847D-04
 Mode:  13         13.811  -0.339515890148D-04  -0.860724750818D-04   0.690759419062D-04
 Mode:  14         14.665  -0.504919974649D-04  -0.690804462983D-04  -0.302602245354D-04
 Mode:  15         16.530  -0.197035386243D-03   0.113192691696D-03  -0.703025551308D-04
 Mode:  16         20.586  -0.127774420993D-03  -0.955220784070D-04  -0.845357823131D-04
 Mode:  17         23.724   0.331885896869D-04   0.490398882898D-04   0.115240892070D-03
 Mode:  18         25.426   0.225958831888D-03   0.810091113238D-04   0.110409080298D-03
 Mode:  19         27.840   0.283239727955D-04  -0.144699099645D-03  -0.965512989344D-04
 Mode:  20         28.011   0.721882835824D-05   0.183522173035D-03  -0.115718172666D-03
 Mode:  21         28.658  -0.167149934808D-03   0.775015941253D-04  -0.945697646053D-04
 Mode:  22         31.367   0.161418790215D-03  -0.864305407206D-05   0.264984198707D-04
 Mode:  23         32.241   0.187373585480D-03   0.132259176761D-03   0.176924244173D-03
 Mode:  24         33.944   0.170171837700D-04  -0.706180130727D-04   0.128560322075D-03
 Mode:  25         35.257  -0.849095467534D-04  -0.148563488732D-04   0.743762032859D-05
 Mode:  26         37.134   0.952791216975D-05   0.787222358032D-04   0.560581307962D-04
 Mode:  27         38.244   0.718464033561D-04   0.264801640968D-04   0.194251217579D-04
 Mode:  28         40.934  -0.364135197615D-04  -0.528073086841D-04   0.122743474062D-03
 Mode:  29         43.441   0.308949949359D-03   0.171495911379D-03   0.563721355753D-04
 Mode:  30         45.540  -0.138909556135D-03   0.189730229606D-03   0.154305888199D-03
 Mode:  31         45.955   0.389443108969D-04   0.302937358406D-04   0.422161431621D-04
 Mode:  32         46.362  -0.150572505961D-03  -0.106115625096D-04  -0.161619397960D-03
 Mode:  33         47.348  -0.132049154958D-03  -0.670395820306D-04  -0.133624369583D-03
 Mode:  34         49.262   0.193882778843D-04   0.538967737078D-04  -0.155051333241D-05
 Mode:  35         50.352  -0.937717122522D-04   0.202811687247D-04  -0.107138722663D-03
 Mode:  36         50.897   0.590808619215D-05  -0.127707402624D-03  -0.904113001839D-04
 Mode:  37         51.831  -0.185056312378D-05   0.860534273908D-04  -0.136531861754D-03
 Mode:  38         53.465   0.567020261235D-04  -0.599211481103D-04   0.227758692821D-03
 Mode:  39         54.145  -0.213900232921D-03   0.121753319393D-03  -0.215400117224D-03
 Mode:  40         56.007   0.239237371341D-03   0.176690226491D-03   0.233017548205D-03
 Mode:  41         56.309   0.238020919014D-03   0.870381742210D-04   0.360117714454D-03
 Mode:  42         58.882  -0.133643907962D-03   0.126007987305D-03  -0.471080148285D-03
 Mode:  43         59.639   0.623928512907D-03   0.161996190449D-03  -0.141954199702D-03
 Mode:  44         60.983   0.833369018962D-04   0.450793434499D-04  -0.559007126069D-04
 Mode:  45         61.847   0.113127555322D-03   0.730225379640D-04   0.222722172422D-03
 Mode:  46         63.414  -0.193562568158D-03  -0.246920770280D-03   0.572109494707D-04
 Mode:  47         63.513   0.191995633954D-03  -0.280824340060D-05   0.140474228039D-03
 Mode:  48         64.248  -0.102178591676D-03   0.490015131257D-04  -0.357751989974D-04
 Mode:  49         65.167   0.218698211098D-03  -0.142386295915D-04  -0.423818102078D-03
 Mode:  50         65.970  -0.701355907588D-04   0.930408802262D-04   0.515665815539D-03
 Mode:  51         67.735   0.262703233759D-03   0.732731423222D-04   0.352376639140D-03
 Mode:  52         67.913  -0.176183087819D-03  -0.172650879109D-04   0.355952940372D-04
 Mode:  53         69.184   0.860720520744D-04   0.346435886932D-03   0.265566208162D-03
 Mode:  54         70.143   0.563506255351D-04   0.153423747375D-04   0.130796635696D-03
 Mode:  55         70.420  -0.621935710784D-04   0.309211540503D-05  -0.193629258391D-03
 Mode:  56         71.267  -0.750788892748D-04   0.485176447837D-04   0.177964331099D-03
 Mode:  57         71.857  -0.133475019396D-04   0.919653166078D-04   0.642406785512D-04
 Mode:  58         72.721   0.242874467309D-03  -0.341836416606D-04  -0.120817809717D-03
 Mode:  59         73.969  -0.944335247607D-04  -0.195958491634D-04  -0.526997836506D-05
 Mode:  60         74.440   0.751972428776D-05   0.332545172314D-04  -0.481448696825D-03
 Mode:  61         74.709  -0.306020501373D-03  -0.107356083398D-05  -0.725562482388D-04
 Mode:  62         76.257   0.328683900493D-04  -0.131334526667D-03   0.231907088695D-03
 Mode:  63         76.981   0.103897082131D-03   0.217620269816D-03   0.302502651079D-03
 Mode:  64         77.797   0.751666671686D-04   0.101914946536D-03   0.110674948085D-03
 Mode:  65         78.272  -0.934248870132D-04  -0.915323056151D-04   0.104022926045D-03
 Mode:  66         79.109  -0.292558721177D-03  -0.141747003662D-03  -0.238692636220D-03
 Mode:  67         80.900   0.282265723879D-03   0.196197455223D-03   0.868230327245D-04
 Mode:  68         81.660  -0.168104825724D-08   0.537424861422D-04   0.265463371110D-03
 Mode:  69         83.083  -0.187000799932D-04   0.783238531706D-04   0.518123495658D-04
 Mode:  70         84.068  -0.283575716359D-03  -0.138059771576D-03   0.192505434865D-04
 Mode:  71         84.529  -0.826446995052D-07  -0.107192876177D-03  -0.171532288455D-03
 Mode:  72         85.601   0.197135064870D-03  -0.151614614863D-03  -0.778461100929D-06
 Mode:  73         86.942   0.191961390036D-03  -0.236052357124D-05   0.188835511984D-03
 Mode:  74         87.867   0.113026768866D-03  -0.161345113185D-03   0.241239263961D-03
 Mode:  75         88.456  -0.175383966331D-03  -0.564699749418D-04   0.171257300516D-03
 Mode:  76         90.343  -0.547177031331D-04   0.636530918890D-04  -0.509024449474D-04
 Mode:  77         91.300   0.266834123769D-03   0.206710674845D-03   0.391467720211D-03
 Mode:  78         92.310  -0.234995860384D-03  -0.126999807456D-03  -0.331092162958D-03
 Mode:  79         93.586  -0.271672840786D-03  -0.360265867586D-03   0.437995461413D-04
 Mode:  80         95.851   0.120131630437D-03   0.232513427187D-03   0.291125974555D-03
 Mode:  81         96.739   0.100104783974D-03   0.866184356232D-04   0.271512806501D-04
 Mode:  82         98.169  -0.804314979849D-04   0.435387203875D-06  -0.806564819246D-04
 Mode:  83         99.553   0.123167405257D-03   0.183028517386D-03  -0.809774274598D-04
 Mode:  84        101.291  -0.155990061976D-04   0.298100764813D-03  -0.436404297826D-04
 Mode:  85        101.359  -0.630626704660D-05   0.127914670248D-03   0.113866081372D-03
 Mode:  86        102.805   0.589000303473D-04  -0.571687065141D-04   0.213120746257D-03
 Mode:  87        103.393   0.574359081186D-05  -0.257346973737D-03  -0.293339133709D-05
 Mode:  88        104.775  -0.154024767104D-03   0.269625977157D-03  -0.434031998489D-03
 Mode:  89        105.353   0.767948644123D-04   0.229293777221D-03  -0.292788514099D-03
 Mode:  90        106.362  -0.120899251703D-03  -0.889386733139D-04  -0.315764359442D-04
 Mode:  91        107.814   0.253713346631D-03  -0.129162997547D-03   0.392424455232D-03
 Mode:  92        109.306   0.121974014627D-03   0.153813042327D-04   0.195228252516D-03
 Mode:  93        110.080  -0.942866328127D-04  -0.190127719235D-05  -0.944065219654D-04
 Mode:  94        110.608  -0.537501786830D-03  -0.340892427266D-05  -0.216460563151D-03
 Mode:  95        111.017  -0.305481965928D-03  -0.175711514460D-03  -0.142606308621D-03
 Mode:  96        112.538   0.307221802060D-03   0.147433858744D-03   0.102176800935D-03
 Mode:  97        113.795  -0.119253368417D-04   0.396762103648D-03  -0.292802700652D-03
 Mode:  98        114.619  -0.297198534758D-03  -0.197853377978D-03   0.387252615825D-04
 Mode:  99        117.466   0.137196362136D-03   0.135606106791D-03  -0.321765032487D-04
 Mode:  100        118.089  -0.678421227439D-04  -0.124493368300D-03  -0.110627396869D-03
 Mode:  101        120.901  -0.650654996479D-04   0.451943946824D-05   0.222418359555D-04
 Mode:  102        121.782  -0.710277581487D-04   0.151694930382D-03  -0.113167534437D-03
 Mode:  103        123.131  -0.467159638179D-04   0.325524572734D-04   0.365567573150D-04
 Mode:  104        123.729  -0.849502263459D-04  -0.177904438145D-03   0.136723916473D-03
 Mode:  105        125.154  -0.116365714288D-03  -0.696043049809D-04  -0.260966958488D-04
 Mode:  106        126.879  -0.279718117177D-03  -0.214127458231D-03   0.747656943405D-04
 Mode:  107        129.712  -0.328810858383D-03   0.890198969298D-04  -0.157214953375D-03
 Mode:  108        130.782   0.310855273494D-03   0.320530297280D-03   0.372058324042D-03
 Mode:  109        131.853   0.366689931805D-03  -0.226570758949D-03   0.105196212558D-03
 Mode:  110        134.120   0.183888199188D-03  -0.783939758075D-04   0.487135039986D-03
 Mode:  111        134.693   0.491297344086D-04  -0.116156707571D-03   0.329505211033D-03
 Mode:  112        135.704   0.283045878900D-03  -0.944154654584D-04   0.329908323254D-03
 Mode:  113        137.452  -0.117214066319D-03   0.117588497967D-03  -0.386460458883D-03
 Mode:  114        139.648  -0.281044587632D-03  -0.290146329315D-04   0.420195294249D-04
 Mode:  115        140.508  -0.471250361882D-03  -0.360547341289D-03  -0.152706803412D-03
 Mode:  116        140.940   0.410114369099D-03   0.806773004714D-04   0.377286424803D-03
 Mode:  117        142.853  -0.107603578304D-03  -0.457928659415D-04   0.333790615419D-03
 Mode:  118        144.091   0.296888089812D-03   0.947265782185D-04  -0.165530958998D-04
 Mode:  119        145.330  -0.143899911229D-05   0.142124919035D-03  -0.509041749879D-04
 Mode:  120        146.712   0.959094992361D-04   0.183096033529D-03  -0.621392370508D-03
 Mode:  121        149.749   0.196414645782D-04  -0.533191340185D-04   0.145723078812D-03
 Mode:  122        151.836  -0.142553308214D-04   0.275186101085D-04  -0.420095826885D-04
 Mode:  123        155.047  -0.428216163351D-03  -0.523361572152D-04  -0.223503892678D-05
 Mode:  124        156.583  -0.866498367721D-04  -0.377769584155D-03   0.292737997737D-04
 Mode:  125        159.359  -0.247226964868D-03  -0.986606331236D-04  -0.959328871478D-04
 Mode:  126        161.917  -0.199943820520D-03  -0.203698913064D-06  -0.211389925155D-03
 Mode:  127        162.637  -0.216046455044D-03   0.346279915521D-03  -0.363331821996D-03
 Mode:  128        164.932  -0.120872864851D-03   0.262372856233D-04  -0.111435335712D-03
 Mode:  129        165.529   0.214997057175D-03   0.170176907724D-03  -0.102522567371D-03
 Mode:  130        167.601  -0.277604712742D-03   0.105223219745D-03  -0.141672479873D-03
 Mode:  131        172.028  -0.100704102303D-03  -0.638066036415D-04  -0.367008381782D-03
 Mode:  132        174.277   0.588353248034D-05  -0.154126235024D-04   0.244814021530D-03
 Mode:  133        176.198  -0.379362700285D-05  -0.655595406762D-04  -0.232820327333D-04
 Mode:  134        176.807  -0.322960696804D-04  -0.814316669211D-04   0.613322666258D-03
 Mode:  135        178.427  -0.192653194947D-04  -0.305798793760D-04   0.286178244019D-03
 Mode:  136        182.450  -0.260012742951D-03  -0.209883413231D-03   0.237150361768D-03
 Mode:  137        188.152   0.166511366356D-03  -0.103487561241D-03   0.188386293667D-03
 Mode:  138        209.884   0.244575553317D-03   0.186719542102D-03   0.411426671582D-03
 Mode:  139        228.951   0.412814160769D-03   0.600011866752D-03  -0.478447426996D-03
 Mode:  140        237.694   0.140449738791D-03  -0.156087121885D-03   0.583792005396D-03
 Mode:  141        256.544   0.270001673784D-03   0.158175941926D-04   0.165751223900D-02
 Mode:  142        280.968   0.326176356157D-03  -0.612639745034D-04  -0.110913470163D-02
 Mode:  143        288.207  -0.190955791223D-03  -0.360166681629D-03   0.127634858563D-02
 Mode:  144        351.433  -0.380023901715D-03  -0.199558423212D-03  -0.337883539295D-03
 Mode:  145        353.458   0.299329960660D-03  -0.120798106011D-03   0.192936983074D-03
 Mode:  146        388.301  -0.354660824749D-03   0.186898769753D-03  -0.260722860553D-03
 Mode:  147        399.783   0.603121800192D-03  -0.572720886516D-03   0.158954828753D-02
 Mode:  148        427.880   0.515855701633D-03  -0.671848560737D-03   0.276358729663D-02
 Mode:  149        435.178   0.100086651389D-02   0.813483550692D-04   0.309669441429D-03
 Mode:  150        442.346  -0.242470210439D-03  -0.360363696492D-03   0.794886825598D-03
 Mode:  151        451.908  -0.428283146419D-03   0.359360443841D-03  -0.453538302847D-03
 Mode:  152        485.088  -0.251115209535D-03   0.183607707702D-04  -0.195811596668D-02
 Mode:  153        493.382  -0.122523777029D-03   0.258289531699D-03   0.271632314921D-02
 Mode:  154        517.070   0.736095205576D-03  -0.225938862652D-03   0.241659861190D-03
 Mode:  155        542.435   0.119524612951D-02  -0.868768597444D-04  -0.224170394770D-03
 Mode:  156        578.880  -0.125569520130D-02   0.521118805541D-03   0.330606044266D-03
 Mode:  157        593.181  -0.340738145174D-03  -0.550235818636D-03   0.258283001948D-02
 Mode:  158        595.641   0.412747748567D-03   0.148460863828D-03   0.113977981384D-02
 Mode:  159        668.994  -0.104514726805D-02   0.402473959385D-04   0.267258840772D-03
 Mode:  160        669.831   0.258270064205D-03  -0.449151819534D-03   0.140655019550D-02
 Mode:  161        707.817   0.419777878872D-03   0.429756192110D-04  -0.221790410407D-03
 Mode:  162        728.339   0.689523036118D-04   0.744831056169D-03  -0.688980229164D-04
 Mode:  163        763.989   0.674267974771D-03  -0.298067686054D-03   0.321829174777D-02
 Mode:  164        785.339   0.370338248726D-03   0.231454468889D-02  -0.193978114535D-02
 Mode:  165        788.748  -0.124927834493D-03  -0.810379710611D-03   0.199655078828D-02
 Mode:  166        795.758  -0.146721918355D-02   0.439913502134D-03   0.377083663208D-03
 Mode:  167        804.815  -0.122316669603D-02   0.352539972881D-03  -0.444495257156D-02
 Mode:  168        816.111   0.985727086650D-03  -0.637739246173D-03  -0.342956997497D-02
 Mode:  169        855.743   0.450241807948D-03   0.352982468629D-03   0.282277088774D-02
 Mode:  170        890.598   0.263013640535D-02  -0.287959009091D-03   0.362146593757D-04
 Mode:  171        927.613  -0.724647492181D-03   0.161715129369D-03   0.656791913432D-03
 Mode:  172        941.120   0.600683840001D-03   0.735236251623D-03  -0.158994483730D-02
 Mode:  173        961.481   0.113657109373D-02   0.276723531648D-03   0.887585752841D-03
 Mode:  174        963.669  -0.103649039169D-02  -0.606319585083D-06   0.603276370634D-03
 Mode:  175       1029.273   0.113008883198D-03   0.958796234579D-04  -0.129772865423D-02
 Mode:  176       1052.936  -0.106965230525D-02   0.157445875598D-02  -0.731012769324D-03
 Mode:  177       1054.674  -0.825351893098D-03  -0.787381346214D-03   0.450056711438D-03
 Mode:  178       1058.715   0.814538850650D-03  -0.814231759234D-03  -0.284399912248D-03
 Mode:  179       1084.996   0.202474926066D-04  -0.437279888496D-03  -0.179514893134D-03
 Mode:  180       1086.648   0.651401380899D-03   0.114031805636D-02   0.124984533542D-03
 Mode:  181       1101.800   0.257199770022D-02   0.255842691870D-03   0.213460340060D-02
 Mode:  182       1102.775  -0.102334566953D-02   0.134363743792D-03   0.947126456682D-03
 Mode:  183       1127.456   0.253325593424D-02  -0.316157376153D-03  -0.758416116202D-03
 Mode:  184       1132.227   0.864912357580D-03  -0.515215547846D-03   0.428373545242D-02
 Mode:  185       1164.845   0.451379018471D-03  -0.741666159201D-03   0.258207976752D-02
 Mode:  186       1166.061   0.423466387276D-03  -0.332275893511D-03   0.206545567470D-02
 Mode:  187       1236.250  -0.320813484672D-02   0.661972213775D-03   0.354590569612D-04
 Mode:  188       1248.367   0.182865740250D-02  -0.111074380328D-02   0.109622680492D-02
 Mode:  189       1251.528  -0.624419651460D-03  -0.438833370664D-03   0.830185907080D-03
 Mode:  190       1263.197  -0.823363681081D-03   0.669272740695D-03  -0.268270930899D-02
 Mode:  191       1290.680   0.102739670713D-03   0.567655105721D-03   0.170026634845D-02
 Mode:  192       1338.453   0.609749735648D-02  -0.554886050331D-03   0.509373498546D-04
 Mode:  193       1354.664  -0.167256678529D-02   0.670196484979D-03   0.115901078589D-03
 Mode:  194       1366.284  -0.639697967826D-03  -0.494059816140D-03  -0.878401817804D-02
 Mode:  195       1370.443  -0.541646891175D-03  -0.364520173462D-03  -0.749355724971D-02
 Mode:  196       1385.673  -0.143755875670D-02  -0.604773368751D-03   0.824830836929D-04
 Mode:  197       1389.507   0.168343171893D-02  -0.148163975588D-02  -0.731097354615D-03
 Mode:  198       1401.035  -0.378837335934D-02   0.124608809074D-02   0.256894264134D-02
 Mode:  199       1408.163  -0.103478168099D-02   0.195555036905D-03   0.440873412387D-04
 Mode:  200       1408.861   0.330743235643D-02   0.362235504834D-03   0.186746431421D-02
 Mode:  201       1416.866   0.127620467459D-02  -0.466083628235D-03  -0.179657261052D-02
 Mode:  202       1421.785  -0.329950356922D-02  -0.113359113869D-02  -0.411837558849D-02
 Mode:  203       1425.081  -0.152462457589D-02  -0.147693674241D-03   0.108142701210D-02
 Mode:  204       1426.567   0.153353263249D-02   0.459199016498D-03   0.289117714454D-02
 Mode:  205       1434.501   0.198928829548D-02   0.625508252560D-03   0.116210749256D-03
 Mode:  206       1439.552  -0.311289550433D-02   0.148544792042D-02   0.270359371672D-03
 Mode:  207       1445.905   0.259693735319D-02  -0.359025264632D-03   0.128524971521D-02
 Mode:  208       1457.511  -0.600931037529D-03   0.551081111779D-03   0.400291107623D-02
 Mode:  209       1474.350  -0.202111455805D-04   0.361712139497D-03   0.137887077591D-02
 Mode:  210       1478.435   0.558574978927D-04   0.649732994126D-03   0.268376386616D-02
 Mode:  211       1490.293  -0.366326180427D-02   0.135596605721D-02  -0.563709822466D-03
 Mode:  212       1501.860   0.253838463691D-02  -0.364198971688D-03  -0.148011797989D-02
 Mode:  213       1506.441   0.607773126353D-02  -0.400246388864D-03  -0.182840204846D-02
 Mode:  214       1525.371   0.166499058841D-02   0.253318539347D-02   0.707194060686D-02
 Mode:  215       1605.762  -0.103425683655D-01   0.176056416708D-02   0.325050783548D-02
 Mode:  216       1626.041  -0.211674407853D-02  -0.110351580495D-02  -0.117746705456D-01
 Mode:  217       2814.908   0.974615233268D-03   0.171827097824D-03   0.395914390927D-03
 Mode:  218       2845.976  -0.113159929664D-02   0.463076356389D-05   0.368043422509D-02
 Mode:  219       2894.284  -0.899178189285D-03   0.122237246155D-02   0.109146117163D-03
 Mode:  220       2909.174   0.447976463079D-02  -0.105866699028D-02   0.348643725956D-02
 Mode:  221       2970.952  -0.311185959534D-02  -0.182172068864D-02  -0.470980292940D-02
 Mode:  222       2975.626   0.152598935633D-02  -0.220674951667D-02  -0.418207693281D-02
 Mode:  223       2978.143  -0.340930514328D-02   0.432758594370D-03  -0.357318195245D-02
 Mode:  224       2990.230  -0.330406172468D-02  -0.189377533300D-03   0.308475311407D-02
 Mode:  225       3080.868  -0.281272124348D-03   0.843511552375D-04  -0.296291252070D-03
 Mode:  226       3081.343  -0.308879199206D-04  -0.121840845710D-03  -0.195275906575D-03
 Mode:  227       3088.804   0.502747261420D-03   0.165062550129D-03   0.250398157608D-03
 Mode:  228       3089.628  -0.105020486506D-02   0.531948130093D-03   0.548237430007D-03
 Mode:  229       3124.676  -0.141165901929D-04   0.194227339311D-03   0.274851629284D-04
 Mode:  230       3128.763   0.277782567440D-03   0.999160358473D-04   0.352195332734D-03
 Mode:  231       3130.236   0.110278592749D-03   0.214408052104D-03  -0.274851609092D-03
 Mode:  232       3136.939   0.242843826691D-03  -0.396745528983D-04  -0.526023984218D-03
 Mode:  233       3155.609   0.169947858804D-03  -0.188132188650D-03  -0.366803494342D-03
 Mode:  234       3160.693   0.156428559495D-03   0.350299963086D-03   0.501763596756D-03
